YYYY DOY   X(au)   Y(au)   Z(au)
2007 271    1.00    0.08    0.00
2007 272    1.00    0.10    0.00
2007 273    0.99    0.12    0.00
2007 274    0.99    0.14    0.00
2007 275    0.99    0.16    0.00
2007 276    0.98    0.17    0.00
2007 277    0.98    0.19    0.00
2007 278    0.98    0.21    0.00
2007 279    0.97    0.23    0.00
2007 280    0.97    0.25    0.00
2007 281    0.96    0.27    0.00
2007 282    0.96    0.29    0.00
2007 283    0.95    0.30    0.00
2007 284    0.95    0.32    0.00
2007 285    0.94    0.34    0.00
2007 286    0.93    0.36    0.00
2007 287    0.94    0.38    0.00
2007 288    0.93    0.40    0.00
2007 289    0.92    0.41    0.00
2007 290    0.91    0.43    0.00
2007 291    0.90    0.45    0.00
2007 292    0.90    0.46    0.00
2007 293    0.89    0.48    0.00
2007 294    0.88    0.50    0.00
2007 295    0.87    0.52    0.00
2007 296    0.86    0.53    0.00
2007 297    0.86    0.55    0.01
2007 298    0.85    0.57    0.01
2007 299    0.84    0.58    0.01
2007 300    0.83    0.60    0.01
2007 301    0.81    0.61    0.01
2007 302    0.80    0.63    0.01
2007 303    0.80    0.65    0.01
2007 304    0.79    0.66    0.01
2007 305    0.77    0.68    0.01
2007 306    0.76    0.69    0.01
2007 307    0.75    0.71    0.01
2007 308    0.74    0.72    0.01
2007 309    0.73    0.74    0.01
2007 310    0.72    0.75    0.01
2007 311    0.71    0.76    0.01
2007 312    0.69    0.78    0.01
2007 313    0.68    0.80    0.01
2007 314    0.67    0.81    0.01
2007 315    0.66    0.82    0.01
2007 316    0.64    0.83    0.01
2007 317    0.63    0.84    0.01
2007 318    0.62    0.86    0.01
2007 319    0.60    0.87    0.01
2007 320    0.59    0.88    0.01
2007 321    0.58    0.90    0.01
2007 322    0.56    0.91    0.01
2007 323    0.55    0.92    0.01
2007 324    0.53    0.93    0.01
2007 325    0.52    0.94    0.01
2007 326    0.51    0.95    0.01
2007 327    0.49    0.96    0.01
2007 328    0.48    0.97    0.01
2007 329    0.46    0.99    0.01
2007 330    0.45    0.99    0.01
2007 331    0.43    1.00    0.01
2007 332    0.42    1.02    0.01
2007 333    0.40    1.02    0.01
2007 334    0.39    1.03    0.01
2007 335    0.37    1.04    0.01
2007 336    0.36    1.05    0.01
2007 337    0.34    1.06    0.01
2007 338    0.33    1.07    0.01
2007 339    0.31    1.08    0.01
2007 340    0.30    1.08    0.01
2007 341    0.28    1.09    0.01
2007 342    0.27    1.10    0.01
2007 343    0.25    1.10    0.01
2007 344    0.24    1.12    0.01
2007 345    0.22    1.12    0.01
2007 346    0.20    1.12    0.01
2007 347    0.19    1.13    0.01
2007 348    0.17    1.14    0.01
2007 349    0.15    1.14    0.01
2007 350    0.14    1.15    0.01
2007 351    0.12    1.15    0.01
2007 352    0.11    1.16    0.01
2007 353    0.09    1.17    0.01
2007 354    0.07    1.17    0.01
2007 355    0.06    1.17    0.01
2007 356    0.04    1.18    0.01
2007 357    0.02    1.18    0.01
2007 358    0.01    1.18    0.01
2007 359   -0.01    1.19    0.01
2007 360   -0.02    1.19    0.01
2007 361   -0.04    1.19    0.01
2007 362   -0.06    1.20    0.01
2007 363   -0.07    1.20    0.01
2007 364   -0.09    1.21    0.01
2007 365   -0.10    1.21    0.01
2008   1   -0.12    1.20    0.01
2008   2   -0.14    1.21    0.01
2008   3   -0.15    1.21    0.01
2008   4   -0.17    1.21    0.01
2008   5   -0.19    1.22    0.01
2008   6   -0.20    1.21    0.01
2008   7   -0.22    1.21    0.01
2008   8   -0.23    1.22    0.01
2008   9   -0.25    1.22    0.01
2008  10   -0.27    1.22    0.01
2008  11   -0.28    1.22    0.01
2008  12   -0.30    1.21    0.01
2008  13   -0.31    1.22    0.01
2008  14   -0.33    1.22    0.01
2008  15   -0.34    1.21    0.01
2008  16   -0.36    1.22    0.01
2008  17   -0.37    1.21    0.01
2008  18   -0.39    1.21    0.01
2008  19   -0.41    1.21    0.01
2008  20   -0.42    1.21    0.01
2008  21   -0.44    1.21    0.01
2008  22   -0.45    1.21    0.01
2008  23   -0.47    1.20    0.01
2008  24   -0.48    1.21    0.01
2008  25   -0.50    1.20    0.01
2008  26   -0.51    1.20    0.01
2008  27   -0.53    1.20    0.01
2008  28   -0.54    1.19    0.01
2008  29   -0.55    1.19    0.01
2008  30   -0.57    1.19    0.01
2008  31   -0.58    1.18    0.01
2008  32   -0.60    1.18    0.01
2008  33   -0.62    1.18    0.01
2008  34   -0.63    1.17    0.01
2008  35   -0.65    1.17    0.01
2008  36   -0.66    1.17    0.01
2008  37   -0.67    1.16    0.01
2008  38   -0.69    1.16    0.01
2008  39   -0.70    1.15    0.01
2008  40   -0.71    1.15    0.01
2008  41   -0.73    1.15    0.01
2008  42   -0.74    1.14    0.01
2008  43   -0.75    1.13    0.01
2008  44   -0.77    1.13    0.01
2008  45   -0.78    1.12    0.01
2008  46   -0.80    1.12    0.01
2008  47   -0.81    1.12    0.01
2008  48   -0.82    1.11    0.01
2008  49   -0.83    1.10    0.01
2008  50   -0.85    1.10    0.01
2008  51   -0.86    1.09    0.01
2008  52   -0.87    1.08    0.01
2008  53   -0.89    1.08    0.01
2008  54   -0.90    1.07    0.01
2008  55   -0.91    1.06    0.02
2008  56   -0.93    1.06    0.02
2008  57   -0.94    1.05    0.02
2008  58   -0.95    1.04    0.02
2008  59   -0.97    1.04    0.02
2008  60   -0.98    1.03    0.02
2008  61   -0.99    1.02    0.02
2008  62   -1.00    1.02    0.02
2008  63   -1.01    1.01    0.02
2008  64   -1.02    1.00    0.02
2008  65   -1.04    1.00    0.02
2008  66   -1.05    0.99    0.02
2008  67   -1.06    0.98    0.02
2008  68   -1.06    0.97    0.02
2008  69   -1.08    0.96    0.02
2008  70   -1.09    0.96    0.02
2008  71   -1.10    0.95    0.02
2008  72   -1.12    0.94    0.02
2008  73   -1.12    0.93    0.02
2008  74   -1.13    0.92    0.02
2008  75   -1.15    0.92    0.02
2008  76   -1.16    0.91    0.02
2008  77   -1.17    0.89    0.02
2008  78   -1.17    0.88    0.02
2008  79   -1.19    0.88    0.02
2008  80   -1.20    0.87    0.02
2008  81   -1.20    0.86    0.02
2008  82   -1.22    0.85    0.02
2008  83   -1.23    0.84    0.02
2008  84   -1.24    0.83    0.02
2008  85   -1.24    0.82    0.02
2008  86   -1.26    0.82    0.02
2008  87   -1.26    0.81    0.02
2008  88   -1.27    0.79    0.02
2008  89   -1.29    0.79    0.02
2008  90   -1.29    0.78    0.02
2008  91   -1.30    0.77    0.02
2008  92   -1.31    0.75    0.02
2008  93   -1.32    0.75    0.02
2008  94   -1.33    0.74    0.02
2008  95   -1.33    0.73    0.02
2008  96   -1.34    0.72    0.02
2008  97   -1.36    0.71    0.02
2008  98   -1.36    0.70    0.02
2008  99   -1.37    0.69    0.02
2008 100   -1.37    0.68    0.02
2008 101   -1.39    0.67    0.02
2008 102   -1.39    0.66    0.02
2008 103   -1.40    0.64    0.02
2008 104   -1.40    0.63    0.02
2008 105   -1.42    0.63    0.02
2008 106   -1.42    0.61    0.02
2008 107   -1.43    0.60    0.02
2008 108   -1.43    0.59    0.02
2008 109   -1.45    0.58    0.02
2008 110   -1.45    0.57    0.02
2008 111   -1.46    0.56    0.02
2008 112   -1.46    0.55    0.02
2008 113   -1.46    0.54    0.02
2008 114   -1.48    0.53    0.02
2008 115   -1.48    0.52    0.02
2008 116   -1.49    0.50    0.02
2008 117   -1.49    0.49    0.02
2008 118   -1.49    0.48    0.02
2008 119   -1.51    0.47    0.02
2008 120   -1.51    0.46    0.02
2008 121   -1.51    0.45    0.02
2008 122   -1.52    0.44    0.02
2008 123   -1.53    0.43    0.02
2008 124   -1.53    0.41    0.02
2008 125   -1.54    0.40    0.02
2008 126   -1.54    0.39    0.02
2008 127   -1.54    0.38    0.02
2008 128   -1.55    0.37    0.02
2008 129   -1.56    0.36    0.02
2008 130   -1.56    0.35    0.02
2008 131   -1.56    0.33    0.02
2008 132   -1.57    0.32    0.02
2008 133   -1.57    0.31    0.02
2008 134   -1.58    0.30    0.02
2008 135   -1.58    0.29    0.02
2008 136   -1.59    0.27    0.02
2008 137   -1.59    0.26    0.02
2008 138   -1.59    0.25    0.02
2008 139   -1.59    0.24    0.02
2008 140   -1.60    0.23    0.02
2008 141   -1.61    0.22    0.02
2008 142   -1.61    0.20    0.02
2008 143   -1.61    0.19    0.02
2008 144   -1.61    0.18    0.02
2008 145   -1.61    0.17    0.02
2008 146   -1.62    0.16    0.02
2008 147   -1.62    0.14    0.02
2008 148   -1.62    0.13    0.02
2008 149   -1.63    0.12    0.02
2008 150   -1.63    0.11    0.02
2008 151   -1.63    0.10    0.02
2008 152   -1.63    0.08    0.02
2008 153   -1.64    0.07    0.02
2008 154   -1.64    0.06    0.02
2008 155   -1.64    0.05    0.02
2008 156   -1.64    0.03    0.02
2008 157   -1.64    0.02    0.02
2008 158   -1.64    0.01    0.02
2008 159   -1.64    0.00    0.02
2008 160   -1.64   -0.01    0.02
2008 161   -1.65   -0.03    0.02
2008 162   -1.65   -0.04    0.02
2008 163   -1.65   -0.05    0.02
2008 164   -1.65   -0.06    0.02
2008 165   -1.65   -0.07    0.02
2008 166   -1.65   -0.08    0.02
2008 167   -1.65   -0.10    0.02
2008 168   -1.65   -0.11    0.02
2008 169   -1.65   -0.12    0.02
2008 170   -1.65   -0.13    0.02
2008 171   -1.65   -0.14    0.02
2008 172   -1.65   -0.16    0.02
2008 173   -1.65   -0.17    0.02
2008 174   -1.65   -0.18    0.02
2008 175   -1.65   -0.19    0.02
2008 176   -1.65   -0.21    0.02
2008 177   -1.65   -0.22    0.02
2008 178   -1.64   -0.23    0.02
2008 179   -1.64   -0.24    0.02
2008 180   -1.65   -0.26    0.02
2008 181   -1.65   -0.27    0.02
2008 182   -1.65   -0.28    0.02
2008 183   -1.64   -0.29    0.02
2008 184   -1.64   -0.30    0.02
2008 185   -1.64   -0.31    0.02
2008 186   -1.64   -0.32    0.02
2008 187   -1.64   -0.34    0.02
2008 188   -1.63   -0.35    0.02
2008 189   -1.63   -0.36    0.02
2008 190   -1.63   -0.37    0.02
2008 191   -1.63   -0.38    0.02
2008 192   -1.62   -0.40    0.02
2008 193   -1.62   -0.41    0.02
2008 194   -1.62   -0.42    0.02
2008 195   -1.62   -0.43    0.02
2008 196   -1.62   -0.44    0.02
2008 197   -1.62   -0.45    0.02
2008 198   -1.61   -0.47    0.02
2008 199   -1.61   -0.48    0.02
2008 200   -1.61   -0.49    0.02
2008 201   -1.60   -0.50    0.01
2008 202   -1.60   -0.51    0.01
2008 203   -1.60   -0.52    0.01
2008 204   -1.59   -0.54    0.01
2008 205   -1.59   -0.55    0.01
2008 206   -1.58   -0.56    0.01
2008 207   -1.58   -0.57    0.01
2008 208   -1.58   -0.58    0.01
2008 209   -1.57   -0.59    0.01
2008 210   -1.57   -0.60    0.01
2008 211   -1.56   -0.61    0.01
2008 212   -1.56   -0.62    0.01
2008 213   -1.55   -0.64    0.01
2008 214   -1.55   -0.65    0.01
2008 215   -1.55   -0.66    0.01
2008 216   -1.54   -0.67    0.01
2008 217   -1.54   -0.68    0.01
2008 218   -1.53   -0.69    0.01
2008 219   -1.53   -0.70    0.01
2008 220   -1.52   -0.71    0.01
2008 221   -1.52   -0.72    0.01
2008 222   -1.51   -0.73    0.01
2008 223   -1.51   -0.74    0.01
2008 224   -1.50   -0.75    0.01
2008 225   -1.49   -0.77    0.01
2008 226   -1.49   -0.78    0.01
2008 227   -1.48   -0.79    0.01
2008 228   -1.48   -0.80    0.01
2008 229   -1.47   -0.81    0.01
2008 230   -1.47   -0.82    0.01
2008 231   -1.46   -0.83    0.01
2008 232   -1.45   -0.84    0.01
2008 233   -1.45   -0.85    0.01
2008 234   -1.44   -0.86    0.01
2008 235   -1.44   -0.87    0.01
2008 236   -1.43   -0.88    0.01
2008 237   -1.42   -0.89    0.01
2008 238   -1.42   -0.90    0.01
2008 239   -1.41   -0.91    0.01
2008 240   -1.40   -0.92    0.01
2008 241   -1.40   -0.93    0.01
2008 242   -1.39   -0.94    0.01
2008 243   -1.38   -0.95    0.01
2008 244   -1.38   -0.96    0.01
2008 245   -1.37   -0.97    0.01
2008 246   -1.36   -0.98    0.01
2008 247   -1.36   -0.99    0.01
2008 248   -1.35   -1.00    0.01
2008 249   -1.34   -1.01    0.01
2008 250   -1.33   -1.01    0.01
2008 251   -1.32   -1.03    0.01
2008 252   -1.31   -1.04    0.01
2008 253   -1.30   -1.04    0.01
2008 254   -1.30   -1.05    0.01
2008 255   -1.29   -1.06    0.01
2008 256   -1.28   -1.07    0.01
2008 257   -1.27   -1.08    0.01
2008 258   -1.26   -1.09    0.01
2008 259   -1.26   -1.10    0.01
2008 260   -1.25   -1.11    0.01
2008 261   -1.24   -1.12    0.00
2008 262   -1.23   -1.13    0.00
2008 263   -1.22   -1.14    0.00
2008 264   -1.22   -1.15    0.00
2008 265   -1.20   -1.15    0.00
2008 266   -1.19   -1.16    0.00
2008 267   -1.18   -1.17    0.00
2008 268   -1.17   -1.17    0.00
2008 269   -1.17   -1.18    0.00
2008 270   -1.16   -1.19    0.00
2008 271   -1.15   -1.20    0.00
2008 272   -1.14   -1.21    0.00
2008 273   -1.13   -1.22    0.00
2008 274   -1.12   -1.22    0.00
2008 275   -1.11   -1.23   -0.00
2008 276   -1.10   -1.24   -0.00
2008 277   -1.09   -1.24   -0.00
2008 278   -1.08   -1.25   -0.00
2008 279   -1.07   -1.26   -0.00
2008 280   -1.06   -1.27   -0.00
2008 281   -1.05   -1.27   -0.00
2008 282   -1.04   -1.28   -0.00
2008 283   -1.03   -1.29   -0.00
2008 284   -1.02   -1.30   -0.00
2008 285   -1.01   -1.30   -0.00
2008 286   -1.00   -1.31   -0.00
2008 287   -0.98   -1.31   -0.00
2008 288   -0.98   -1.32   -0.01
2008 289   -0.96   -1.33   -0.01
2008 290   -0.95   -1.33   -0.01
2008 291   -0.95   -1.34   -0.01
2008 292   -0.93   -1.35   -0.01
2008 293   -0.92   -1.35   -0.01
2008 294   -0.91   -1.36   -0.01
2008 295   -0.90   -1.36   -0.01
2008 296   -0.89   -1.37   -0.01
2008 297   -0.88   -1.37   -0.01
2008 298   -0.87   -1.38   -0.01
2008 299   -0.86   -1.39   -0.01
2008 300   -0.84   -1.39   -0.01
2008 301   -0.83   -1.40   -0.01
2008 302   -0.82   -1.41   -0.01
2008 303   -0.81   -1.40   -0.01
2008 304   -0.80   -1.41   -0.01
2008 305   -0.79   -1.42   -0.01
2008 306   -0.77   -1.42   -0.01
2008 307   -0.76   -1.43   -0.01
2008 308   -0.75   -1.44   -0.01
2008 309   -0.74   -1.44   -0.01
2008 310   -0.72   -1.44   -0.01
2008 311   -0.71   -1.44   -0.01
2008 312   -0.70   -1.45   -0.01
2008 313   -0.69   -1.45   -0.01
2008 314   -0.68   -1.46   -0.01
2008 315   -0.67   -1.46   -0.01
2008 316   -0.65   -1.47   -0.01
2008 317   -0.64   -1.47   -0.01
2008 318   -0.63   -1.47   -0.02
2008 319   -0.61   -1.48   -0.02
2008 320   -0.60   -1.48   -0.02
2008 321   -0.59   -1.49   -0.02
2008 322   -0.58   -1.49   -0.02
2008 323   -0.56   -1.49   -0.02
2008 324   -0.55   -1.49   -0.02
2008 325   -0.54   -1.49   -0.02
2008 326   -0.53   -1.50   -0.02
2008 327   -0.51   -1.50   -0.02
2008 328   -0.50   -1.51   -0.02
2008 329   -0.49   -1.50   -0.02
2008 330   -0.48   -1.51   -0.02
2008 331   -0.46   -1.51   -0.02
2008 332   -0.45   -1.51   -0.02
2008 333   -0.44   -1.52   -0.02
2008 334   -0.43   -1.52   -0.02
2008 335   -0.41   -1.51   -0.02
2008 336   -0.40   -1.52   -0.02
2008 337   -0.39   -1.52   -0.02
2008 338   -0.37   -1.52   -0.02
2008 339   -0.36   -1.53   -0.02
2008 340   -0.35   -1.53   -0.02
2008 341   -0.33   -1.52   -0.02
2008 342   -0.32   -1.53   -0.02
2008 343   -0.31   -1.53   -0.02
2008 344   -0.29   -1.53   -0.02
2008 345   -0.28   -1.53   -0.02
2008 346   -0.27   -1.53   -0.02
2008 347   -0.25   -1.53   -0.03
2008 348   -0.24   -1.53   -0.03
2008 349   -0.23   -1.53   -0.03
2008 350   -0.21   -1.54   -0.03
2008 351   -0.20   -1.53   -0.03
2008 352   -0.19   -1.53   -0.03
2008 353   -0.17   -1.53   -0.03
2008 354   -0.16   -1.53   -0.03
2008 355   -0.15   -1.53   -0.03
2008 356   -0.13   -1.53   -0.03
2008 357   -0.12   -1.53   -0.03
2008 358   -0.11   -1.53   -0.03
2008 359   -0.09   -1.53   -0.03
2008 360   -0.08   -1.53   -0.03
2008 361   -0.07   -1.53   -0.03
2008 362   -0.05   -1.52   -0.03
2008 363   -0.04   -1.52   -0.03
2008 364   -0.02   -1.52   -0.03
2008 365   -0.01   -1.52   -0.03
2008 366    0.00   -1.51   -0.03
2009   1    0.02   -1.51   -0.03
2009   2    0.03   -1.51   -0.03
2009   3    0.04   -1.51   -0.03
2009   4    0.06   -1.51   -0.03
2009   5    0.07   -1.50   -0.03
2009   6    0.08   -1.50   -0.03
2009   7    0.10   -1.50   -0.03
2009   8    0.11   -1.50   -0.03
2009   9    0.13   -1.49   -0.03
2009  10    0.14   -1.48   -0.03
2009  11    0.15   -1.48   -0.03
2009  12    0.16   -1.48   -0.03
2009  13    0.18   -1.48   -0.04
2009  14    0.19   -1.48   -0.04
2009  15    0.20   -1.47   -0.04
2009  16    0.22   -1.46   -0.04
2009  17    0.23   -1.46   -0.04
2009  18    0.25   -1.46   -0.04
2009  19    0.26   -1.45   -0.04
2009  20    0.27   -1.44   -0.04
2009  21    0.29   -1.44   -0.04
2009  22    0.30   -1.44   -0.04
2009  23    0.31   -1.44   -0.04
2009  24    0.32   -1.42   -0.04
2009  25    0.34   -1.42   -0.04
2009  26    0.35   -1.42   -0.04
2009  27    0.37   -1.41   -0.04
2009  28    0.38   -1.40   -0.04
2009  29    0.39   -1.40   -0.04
2009  30    0.40   -1.39   -0.04
2009  31    0.42   -1.39   -0.04
2009  32    0.43   -1.38   -0.04
2009  33    0.44   -1.37   -0.04
2009  34    0.45   -1.37   -0.04
2009  35    0.47   -1.36   -0.04
2009  36    0.48   -1.36   -0.04
2009  37    0.49   -1.34   -0.04
2009  38    0.51   -1.34   -0.04
2009  39    0.52   -1.33   -0.04
2009  40    0.53   -1.33   -0.04
2009  41    0.54   -1.32   -0.04
2009  42    0.55   -1.31   -0.04
2009  43    0.57   -1.30   -0.04
2009  44    0.58   -1.30   -0.04
2009  45    0.59   -1.29   -0.04
2009  46    0.60   -1.27   -0.04
2009  47    0.62   -1.27   -0.04
2009  48    0.63   -1.26   -0.04
2009  49    0.64   -1.25   -0.04
2009  50    0.66   -1.25   -0.04
2009  51    0.67   -1.24   -0.04
2009  52    0.68   -1.22   -0.05
2009  53    0.69   -1.22   -0.05
2009  54    0.70   -1.21   -0.05
2009  55    0.72   -1.20   -0.05
2009  56    0.73   -1.19   -0.05
2009  57    0.74   -1.19   -0.05
2009  58    0.76   -1.18   -0.06
2009  59    0.77   -1.17   -0.06
2009  60    0.78   -1.16   -0.06
2009  61    0.79   -1.14   -0.06
2009  62    0.80   -1.13   -0.06
2009  63    0.81   -1.12   -0.06
2009  64    0.83   -1.12   -0.07
2009  65    0.84   -1.11   -0.07
2009  66    0.85   -1.10   -0.07
2009  67    0.86   -1.09   -0.07
2009  68    0.88   -1.08   -0.07
2009  69    0.89   -1.07   -0.07
2009  70    0.90   -1.06   -0.07
2009  71    0.91   -1.05   -0.08
2009  72    0.91   -1.03   -0.07
2009  73    0.93   -1.02   -0.08
2009  74    0.94   -1.01   -0.08
2009  75    0.95   -1.00   -0.08
2009  76    0.96   -0.99   -0.08
2009  77    0.97   -0.98   -0.08
2009  78    0.98   -0.97   -0.08
2009  79    0.99   -0.96   -0.09
2009  80    1.00   -0.94   -0.09
2009  81    1.01   -0.93   -0.09
2009  82    1.03   -0.92   -0.09
2009  83    1.03   -0.91   -0.09
2009  84    1.05   -0.90   -0.09
2009  85    1.05   -0.88   -0.09
2009  86    1.07   -0.87   -0.09
2009  87    1.07   -0.86   -0.10
2009  88    1.08   -0.84   -0.10
2009  89    1.09   -0.83   -0.10
2009  90    1.10   -0.82   -0.10
2009  91    1.11   -0.80   -0.10
2009  92    1.11   -0.79   -0.10
2009  93    1.12   -0.78   -0.10
2009  94    1.13   -0.77   -0.11
2009  95    1.14   -0.75   -0.11
2009  96    1.15   -0.74   -0.11
2009  97    1.16   -0.73   -0.11
2009  98    1.16   -0.71   -0.11
2009  99    1.17   -0.70   -0.11
2009 100    1.18   -0.68   -0.11
2009 101    1.19   -0.67   -0.11
2009 102    1.20   -0.66   -0.11
2009 103    1.20   -0.65   -0.11
2009 104    1.21   -0.63   -0.11
2009 105    1.22   -0.62   -0.12
2009 106    1.22   -0.60   -0.12
2009 107    1.23   -0.59   -0.12
2009 108    1.24   -0.57   -0.12
2009 109    1.24   -0.56   -0.12
2009 110    1.25   -0.55   -0.12
2009 111    1.26   -0.53   -0.12
2009 112    1.26   -0.52   -0.12
2009 113    1.27   -0.50   -0.12
2009 114    1.27   -0.49   -0.12
2009 115    1.28   -0.47   -0.13
2009 116    1.29   -0.46   -0.13
2009 117    1.29   -0.44   -0.13
2009 118    1.29   -0.43   -0.13
2009 119    1.30   -0.41   -0.13
2009 120    1.30   -0.40   -0.13
2009 121    1.31   -0.38   -0.13
2009 122    1.31   -0.37   -0.13
2009 123    1.32   -0.35   -0.13
2009 124    1.32   -0.34   -0.13
2009 125    1.32   -0.32   -0.13
2009 126    1.33   -0.31   -0.13
2009 127    1.34   -0.29   -0.14
2009 128    1.34   -0.28   -0.14
2009 129    1.35   -0.26   -0.14
2009 130    1.35   -0.25   -0.14
2009 131    1.35   -0.23   -0.14
2009 132    1.36   -0.22   -0.14
2009 133    1.36   -0.20   -0.14
2009 134    1.36   -0.19   -0.14
2009 135    1.36   -0.17   -0.14
2009 136    1.36   -0.16   -0.14
2009 137    1.37   -0.14   -0.14
2009 138    1.37   -0.12   -0.14
2009 139    1.37   -0.11   -0.14
2009 140    1.37   -0.09   -0.14
2009 141    1.37   -0.08   -0.14
2009 142    1.37   -0.06   -0.14
2009 143    1.38   -0.05   -0.15
2009 144    1.38   -0.03   -0.15
2009 145    1.38   -0.02   -0.15
2009 146    1.38   -0.00   -0.15
2009 147    1.38    0.01   -0.15
2009 148    1.38    0.03   -0.15
2009 149    1.38    0.05   -0.15
2009 150    1.38    0.06   -0.15
2009 151    1.38    0.08   -0.15
2009 152    1.38    0.09   -0.15
2009 153    1.38    0.11   -0.15
2009 154    1.39    0.12   -0.15
2009 155    1.38    0.14   -0.15
2009 156    1.38    0.16   -0.15
2009 157    1.38    0.17   -0.15
2009 158    1.38    0.19   -0.15
2009 159    1.38    0.20   -0.15
2009 160    1.38    0.22   -0.15
2009 161    1.37    0.23   -0.15
2009 162    1.37    0.25   -0.15
2009 163    1.38    0.26   -0.15
2009 164    1.37    0.28   -0.15
2009 165    1.37    0.29   -0.15
2009 166    1.37    0.31   -0.15
2009 167    1.36    0.32   -0.15
2009 168    1.36    0.34   -0.15
2009 169    1.36    0.35   -0.15
2009 170    1.35    0.37   -0.15
2009 171    1.36    0.38   -0.15
2009 172    1.35    0.40   -0.15
2009 173    1.35    0.42   -0.15
2009 174    1.35    0.43   -0.15
2009 175    1.34    0.44   -0.15
2009 176    1.34    0.46   -0.15
2009 177    1.33    0.47   -0.15
2009 178    1.33    0.49   -0.15
2009 179    1.33    0.50   -0.15
2009 180    1.32    0.52   -0.15
2009 181    1.32    0.53   -0.15
2009 182    1.31    0.55   -0.15
2009 183    1.31    0.56   -0.15
2009 184    1.30    0.57   -0.15
2009 185    1.30    0.59   -0.15
2009 186    1.30    0.61   -0.15
2009 187    1.29    0.62   -0.15
2009 188    1.28    0.63   -0.15
2009 189    1.28    0.65   -0.15
2009 190    1.27    0.66   -0.15
2009 191    1.26    0.67   -0.15
2009 192    1.27    0.69   -0.15
2009 193    1.26    0.70   -0.15
2009 194    1.25    0.72   -0.15
2009 195    1.24    0.73   -0.15
2009 196    1.24    0.74   -0.15
2009 197    1.23    0.75   -0.15
2009 198    1.22    0.77   -0.15
2009 199    1.22    0.78   -0.15
2009 200    1.21    0.80   -0.15
2009 201    1.21    0.81   -0.15
2009 202    1.20    0.82   -0.15
2009 203    1.19    0.83   -0.15
2009 204    1.18    0.85   -0.14
2009 205    1.18    0.86   -0.14
2009 206    1.17    0.88   -0.14
2009 207    1.16    0.89   -0.14
2009 208    1.15    0.90   -0.14
2009 209    1.15    0.91   -0.14
2009 210    1.14    0.92   -0.14
2009 211    1.13    0.94   -0.14
2009 212    1.13    0.95   -0.14
2009 213    1.12    0.96   -0.14
2009 214    1.11    0.97   -0.14
2009 215    1.10    0.98   -0.14
2009 216    1.09    1.00   -0.14
2009 217    1.08    1.01   -0.14
2009 218    1.07    1.02   -0.14
2009 219    1.06    1.03   -0.14
2009 220    1.05    1.04   -0.14
2009 221    1.04    1.05   -0.14
2009 222    1.03    1.07   -0.13
2009 223    1.03    1.08   -0.13
2009 224    1.02    1.09   -0.13
2009 225    1.01    1.10   -0.13
2009 226    1.00    1.11   -0.13
2009 227    0.99    1.12   -0.13
2009 228    0.98    1.13   -0.13
2009 229    0.97    1.15   -0.13
2009 230    0.96    1.16   -0.13
2009 231    0.95    1.17   -0.13
2009 232    0.94    1.18   -0.13
2009 233    0.93    1.18   -0.12
2009 234    0.92    1.19   -0.12
2009 235    0.91    1.21   -0.12
2009 236    0.90    1.22   -0.12
2009 237    0.89    1.23   -0.12
2009 238    0.88    1.24   -0.12
2009 239    0.87    1.24   -0.12
2009 240    0.86    1.26   -0.12
2009 241    0.85    1.27   -0.12
2009 242    0.84    1.28   -0.12
2009 243    0.82    1.28   -0.12
2009 244    0.81    1.29   -0.11
2009 245    0.80    1.30   -0.11
2009 246    0.79    1.32   -0.11
2009 247    0.78    1.32   -0.11
2009 248    0.77    1.33   -0.11
2009 249    0.76    1.34   -0.11
2009 250    0.74    1.34   -0.11
2009 251    0.74    1.36   -0.11
2009 252    0.73    1.37   -0.11
2009 253    0.71    1.37   -0.11
2009 254    0.70    1.38   -0.11
2009 255    0.69    1.39   -0.10
2009 256    0.68    1.39   -0.10
2009 257    0.67    1.41   -0.10
2009 258    0.66    1.41   -0.10
2009 259    0.64    1.42   -0.10
2009 260    0.63    1.42   -0.10
2009 261    0.62    1.43   -0.10
2009 262    0.61    1.44   -0.10
2009 263    0.59    1.45   -0.10
2009 264    0.58    1.46   -0.09
2009 265    0.57    1.46   -0.09
2009 266    0.56    1.47   -0.09
2009 267    0.54    1.47   -0.09
2009 268    0.53    1.48   -0.09
2009 269    0.52    1.49   -0.09
2009 270    0.51    1.49   -0.09
2009 271    0.50    1.50   -0.09
2009 272    0.48    1.50   -0.09
2009 273    0.47    1.52   -0.08
2009 274    0.46    1.52   -0.08
2009 275    0.45    1.52   -0.08
2009 276    0.43    1.53   -0.08
2009 277    0.42    1.53   -0.08
2009 278    0.41    1.54   -0.08
2009 279    0.40    1.55   -0.08
2009 280    0.38    1.55   -0.08
2009 281    0.37    1.55   -0.07
2009 282    0.36    1.56   -0.07
2009 283    0.34    1.56   -0.07
2009 284    0.33    1.57   -0.07
2009 285    0.32    1.58   -0.07
2009 286    0.30    1.58   -0.07
2009 287    0.29    1.58   -0.07
2009 288    0.28    1.58   -0.06
2009 289    0.27    1.59   -0.06
2009 290    0.25    1.60   -0.06
2009 291    0.24    1.60   -0.06
2009 292    0.23    1.60   -0.06
2009 293    0.21    1.60   -0.06
2009 294    0.20    1.61   -0.06
2009 295    0.19    1.62   -0.06
2009 296    0.18    1.62   -0.05
2009 297    0.16    1.62   -0.05
2009 298    0.15    1.62   -0.05
2009 299    0.14    1.62   -0.05
2009 300    0.12    1.62   -0.05
2009 301    0.11    1.64   -0.05
2009 302    0.09    1.64   -0.05
2009 303    0.08    1.64   -0.05
2009 304    0.07    1.64   -0.04
2009 305    0.05    1.64   -0.04
2009 306    0.04    1.65   -0.04
2009 307    0.03    1.65   -0.04
2009 308    0.02    1.65   -0.04
2009 309    0.00    1.65   -0.04
2009 310   -0.01    1.65   -0.03
2009 311   -0.02    1.65   -0.03
2009 312   -0.04    1.66   -0.03
2009 313   -0.05    1.66   -0.03
2009 314   -0.06    1.66   -0.03
2009 315   -0.08    1.66   -0.03
2009 316   -0.09    1.66   -0.03
2009 317   -0.10    1.67   -0.03
2009 318   -0.12    1.67   -0.02
2009 319   -0.13    1.66   -0.02
2009 320   -0.14    1.66   -0.02
2009 321   -0.16    1.66   -0.02
2009 322   -0.17    1.66   -0.02
2009 323   -0.18    1.67   -0.02
2009 324   -0.20    1.67   -0.01
2009 325   -0.21    1.67   -0.01
2009 326   -0.22    1.67   -0.01
2009 327   -0.24    1.66   -0.01
2009 328   -0.25    1.66   -0.01
2009 329   -0.26    1.67   -0.01
2009 330   -0.28    1.67   -0.01
2009 331   -0.29    1.67   -0.01
2009 332   -0.30    1.66   -0.00
2009 333   -0.31    1.66   -0.00
2009 334   -0.33    1.67   -0.00
2009 335   -0.34    1.67    0.00
2009 336   -0.35    1.66    0.00
2009 337   -0.37    1.66    0.00
2009 338   -0.38    1.66    0.01
2009 339   -0.39    1.65    0.01
2009 340   -0.41    1.66    0.01
2009 341   -0.42    1.66    0.01
2009 342   -0.43    1.65    0.01
2009 343   -0.45    1.65    0.01
2009 344   -0.46    1.65    0.01
2009 345   -0.47    1.64    0.01
2009 346   -0.49    1.65    0.02
2009 347   -0.50    1.65    0.02
2009 348   -0.51    1.64    0.02
2009 349   -0.52    1.64    0.02
2009 350   -0.53    1.63    0.02
2009 351   -0.55    1.63    0.02
2009 352   -0.56    1.64    0.02
2009 353   -0.57    1.63    0.03
2009 354   -0.59    1.63    0.03
2009 355   -0.60    1.62    0.03
2009 356   -0.61    1.62    0.03
2009 357   -0.62    1.61    0.03
2009 358   -0.64    1.62    0.03
2009 359   -0.65    1.61    0.04
2009 360   -0.66    1.61    0.04
2009 361   -0.67    1.60    0.04
2009 362   -0.69    1.60    0.04
2009 363   -0.70    1.59    0.04
2009 364   -0.71    1.60    0.04
2009 365   -0.72    1.59    0.05
2010   1   -0.74    1.59    0.05
2010   2   -0.75    1.58    0.05
2010   3   -0.76    1.58    0.05
2010   4   -0.77    1.57    0.05
2010   5   -0.78    1.57    0.05
2010   6   -0.80    1.57    0.05
2010   7   -0.81    1.56    0.06
2010   8   -0.82    1.56    0.06
2010   9   -0.83    1.55    0.06
2010  10   -0.84    1.54    0.06
2010  11   -0.86    1.55    0.06
2010  12   -0.87    1.54    0.06
2010  13   -0.88    1.54    0.06
2010  14   -0.89    1.53    0.06
2010  15   -0.90    1.52    0.06
2010  16   -0.91    1.52    0.07
2010  17   -0.92    1.51    0.07
2010  18   -0.94    1.51    0.07
2010  19   -0.95    1.50    0.07
2010  20   -0.96    1.50    0.07
2010  21   -0.97    1.49    0.07
2010  22   -0.98    1.48    0.07
2010  23   -0.99    1.48    0.08
2010  24   -1.01    1.48    0.08
2010  25   -1.02    1.47    0.08
2010  26   -1.03    1.46    0.08
2010  27   -1.04    1.46    0.08
2010  28   -1.05    1.45    0.08
2010  29   -1.06    1.44    0.08
2010  30   -1.07    1.44    0.09
2010  31   -1.08    1.43    0.09
2010  32   -1.09    1.43    0.09
2010  33   -1.10    1.42    0.09
2010  34   -1.11    1.41    0.09
2010  35   -1.12    1.40    0.09
2010  36   -1.13    1.39    0.09
2010  37   -1.15    1.39    0.10
2010  38   -1.16    1.39    0.10
2010  39   -1.17    1.38    0.10
2010  40   -1.18    1.37    0.10
2010  41   -1.19    1.36    0.10
2010  42   -1.20    1.35    0.10
2010  43   -1.21    1.34    0.10
2010  44   -1.22    1.35    0.10
2010  45   -1.23    1.34    0.11
2010  46   -1.24    1.33    0.11
2010  47   -1.25    1.32    0.11
2010  48   -1.26    1.31    0.11
2010  49   -1.27    1.30    0.11
2010  50   -1.28    1.29    0.11
2010  51   -1.29    1.29    0.11
2010  52   -1.30    1.28    0.12
2010  53   -1.31    1.27    0.12
2010  54   -1.32    1.27    0.12
2010  55   -1.32    1.26    0.12
2010  56   -1.33    1.25    0.12
2010  57   -1.34    1.24    0.12
2010  58   -1.36    1.24    0.13
2010  59   -1.37    1.23    0.13
2010  60   -1.37    1.22    0.13
2010  61   -1.38    1.21    0.13
2010  62   -1.39    1.20    0.13
2010  63   -1.40    1.19    0.13
2010  64   -1.41    1.18    0.13
2010  65   -1.42    1.18    0.13
2010  66   -1.43    1.17    0.14
2010  67   -1.44    1.16    0.14
2010  68   -1.44    1.15    0.14
2010  69   -1.45    1.14    0.14
2010  70   -1.46    1.13    0.14
2010  71   -1.47    1.12    0.14
2010  72   -1.48    1.11    0.14
2010  73   -1.49    1.11    0.14
2010  74   -1.50    1.10    0.14
2010  75   -1.50    1.08    0.15
2010  76   -1.51    1.07    0.15
2010  77   -1.52    1.06    0.15
2010  78   -1.52    1.06    0.15
2010  79   -1.53    1.04    0.15
2010  80   -1.55    1.04    0.15
2010  81   -1.55    1.03    0.15
2010  82   -1.56    1.02    0.15
2010  83   -1.57    1.01    0.15
2010  84   -1.57    1.00    0.16
2010  85   -1.58    0.99    0.16
2010  86   -1.59    0.98    0.16
2010  87   -1.59    0.97    0.16
2010  88   -1.61    0.96    0.16
2010  89   -1.61    0.95    0.16
2010  90   -1.62    0.94    0.16
2010  91   -1.63    0.93    0.16
2010  92   -1.63    0.92    0.16
2010  93   -1.64    0.91    0.16
2010  94   -1.64    0.90    0.17
2010  95   -1.65    0.89    0.17
2010  96   -1.66    0.88    0.17
2010  97   -1.67    0.87    0.17
2010  98   -1.67    0.86    0.17
2010  99   -1.68    0.85    0.17
2010 100   -1.69    0.84    0.17
2010 101   -1.69    0.83    0.17
2010 102   -1.70    0.82    0.17
2010 103   -1.70    0.80    0.17
2010 104   -1.71    0.80    0.18
2010 105   -1.72    0.79    0.18
2010 106   -1.73    0.78    0.18
2010 107   -1.73    0.76    0.18
2010 108   -1.73    0.75    0.18
2010 109   -1.74    0.74    0.18
2010 110   -1.74    0.73    0.18
2010 111   -1.75    0.72    0.18
2010 112   -1.76    0.71    0.18
2010 113   -1.77    0.70    0.19
2010 114   -1.77    0.69    0.19
2010 115   -1.78    0.68    0.19
2010 116   -1.78    0.67    0.19
2010 117   -1.78    0.66    0.19
2010 118   -1.79    0.64    0.19
2010 119   -1.79    0.63    0.19
2010 120   -1.80    0.62    0.19
2010 121   -1.81    0.61    0.19
2010 122   -1.81    0.60    0.19
2010 123   -1.82    0.59    0.19
2010 124   -1.82    0.58    0.19
2010 125   -1.82    0.57    0.19
2010 126   -1.83    0.56    0.20
2010 127   -1.83    0.54    0.20
2010 128   -1.83    0.53    0.20
2010 129   -1.84    0.52    0.20
2010 130   -1.85    0.51    0.20
2010 131   -1.85    0.50    0.20
2010 132   -1.86    0.49    0.20
2010 133   -1.86    0.48    0.20
2010 134   -1.86    0.46    0.20
2010 135   -1.86    0.45    0.21
2010 136   -1.87    0.44    0.21
2010 137   -1.87    0.43    0.21
2010 138   -1.87    0.42    0.21
2010 139   -1.89    0.41    0.21
2010 140   -1.89    0.40    0.21
2010 141   -1.89    0.38    0.21
2010 142   -1.89    0.37    0.21
2010 143   -1.89    0.36    0.21
2010 144   -1.90    0.35    0.21
2010 145   -1.90    0.34    0.21
2010 146   -1.90    0.32    0.21
2010 147   -1.90    0.31    0.21
2010 148   -1.90    0.30    0.21
2010 149   -1.92    0.29    0.21
2010 150   -1.92    0.28    0.21
2010 151   -1.92    0.27    0.21
2010 152   -1.92    0.26    0.22
2010 153   -1.92    0.24    0.22
2010 154   -1.92    0.23    0.22
2010 155   -1.93    0.22    0.22
2010 156   -1.93    0.21    0.22
2010 157   -1.93    0.20    0.22
2010 158   -1.93    0.18    0.22
2010 159   -1.94    0.17    0.22
2010 160   -1.94    0.16    0.22
2010 161   -1.94    0.15    0.22
2010 162   -1.94    0.14    0.22
2010 163   -1.94    0.13    0.22
2010 164   -1.94    0.11    0.22
2010 165   -1.94    0.10    0.22
2010 166   -1.95    0.09    0.22
2010 167   -1.95    0.08    0.23
2010 168   -1.95    0.06    0.23
2010 169   -1.96    0.05    0.23
2010 170   -1.96    0.04    0.23
2010 171   -1.96    0.03    0.23
2010 172   -1.96    0.02    0.23
2010 173   -1.96    0.00    0.23
2010 174   -1.96   -0.01    0.23
2010 175   -1.96   -0.02    0.23
2010 176   -1.96   -0.03    0.23
2010 177   -1.96   -0.04    0.23
2010 178   -1.96   -0.05    0.23
2010 179   -1.96   -0.07    0.23
2010 180   -1.96   -0.08    0.23
2010 181   -1.96   -0.09    0.23
2010 182   -1.96   -0.10    0.23
2010 183   -1.96   -0.12    0.23
2010 184   -1.96   -0.13    0.23
2010 185   -1.96   -0.14    0.23
2010 186   -1.96   -0.15    0.23
2010 187   -1.96   -0.16    0.23
2010 188   -1.96   -0.17    0.23
2010 189   -1.96   -0.19    0.23
2010 190   -1.96   -0.20    0.23
2010 191   -1.96   -0.21    0.24
2010 192   -1.96   -0.22    0.24
2010 193   -1.96   -0.23    0.24
2010 194   -1.96   -0.25    0.24
2010 195   -1.96   -0.26    0.24
2010 196   -1.96   -0.27    0.24
2010 197   -1.96   -0.28    0.24
2010 198   -1.95   -0.30    0.24
2010 199   -1.95   -0.31    0.24
2010 200   -1.95   -0.32    0.24
2010 201   -1.95   -0.33    0.24
2010 202   -1.95   -0.34    0.24
2010 203   -1.95   -0.36    0.24
2010 204   -1.95   -0.37    0.24
2010 205   -1.95   -0.38    0.24
2010 206   -1.95   -0.39    0.24
2010 207   -1.94   -0.40    0.24
2010 208   -1.94   -0.41    0.24
2010 209   -1.94   -0.43    0.24
2010 210   -1.94   -0.44    0.24
2010 211   -1.94   -0.45    0.24
2010 212   -1.93   -0.46    0.24
2010 213   -1.93   -0.47    0.24
2010 214   -1.93   -0.48    0.24
2010 215   -1.93   -0.50    0.24
2010 216   -1.93   -0.51    0.24
2010 217   -1.93   -0.52    0.24
2010 218   -1.92   -0.53    0.24
2010 219   -1.92   -0.54    0.24
2010 220   -1.92   -0.55    0.24
2010 221   -1.91   -0.57    0.24
2010 222   -1.91   -0.58    0.24
2010 223   -1.91   -0.59    0.24
2010 224   -1.90   -0.60    0.24
2010 225   -1.90   -0.61    0.24
2010 226   -1.90   -0.62    0.24
2010 227   -1.89   -0.63    0.24
2010 228   -1.90   -0.65    0.24
2010 229   -1.89   -0.66    0.24
2010 230   -1.89   -0.67    0.24
2010 231   -1.89   -0.68    0.24
2010 232   -1.88   -0.69    0.24
2010 233   -1.88   -0.71    0.24
2010 234   -1.87   -0.72    0.24
2010 235   -1.87   -0.73    0.24
2010 236   -1.86   -0.74    0.24
2010 237   -1.86   -0.75    0.24
2010 238   -1.86   -0.76    0.24
2010 239   -1.85   -0.77    0.24
2010 240   -1.85   -0.78    0.24
2010 241   -1.84   -0.79    0.24
2010 242   -1.85   -0.81    0.24
2010 243   -1.84   -0.82    0.24
2010 244   -1.84   -0.83    0.24
2010 245   -1.83   -0.84    0.24
2010 246   -1.83   -0.85    0.24
2010 247   -1.82   -0.86    0.24
2010 248   -1.82   -0.87    0.24
2010 249   -1.81   -0.88    0.24
2010 250   -1.81   -0.89    0.24
2010 251   -1.80   -0.90    0.24
2010 252   -1.80   -0.92    0.24
2010 253   -1.79   -0.92    0.24
2010 254   -1.79   -0.94    0.24
2010 255   -1.78   -0.95    0.24
2010 256   -1.78   -0.96    0.24
2010 257   -1.78   -0.97    0.23
2010 258   -1.77   -0.98    0.23
2010 259   -1.77   -0.99    0.23
2010 260   -1.76   -1.00    0.23
2010 261   -1.75   -1.01    0.23
2010 262   -1.75   -1.03    0.23
2010 263   -1.74   -1.03    0.23
2010 264   -1.74   -1.04    0.23
2010 265   -1.73   -1.06    0.23
2010 266   -1.72   -1.07    0.23
2010 267   -1.72   -1.07    0.23
2010 268   -1.71   -1.09    0.23
2010 269   -1.71   -1.10    0.23
2010 270   -1.70   -1.10    0.23
2010 271   -1.69   -1.12    0.23
2010 272   -1.69   -1.13    0.23
2010 273   -1.69   -1.14    0.23
2010 274   -1.68   -1.15    0.23
2010 275   -1.67   -1.16    0.23
2010 276   -1.67   -1.17    0.23
2010 277   -1.66   -1.18    0.23
2010 278   -1.65   -1.19    0.23
2010 279   -1.65   -1.20    0.23
2010 280   -1.64   -1.21    0.23
2010 281   -1.63   -1.22    0.23
2010 282   -1.63   -1.23    0.22
2010 283   -1.62   -1.24    0.22
2010 284   -1.61   -1.25    0.22
2010 285   -1.60   -1.26    0.22
2010 286   -1.60   -1.27    0.22
2010 287   -1.59   -1.27    0.22
2010 288   -1.59   -1.29    0.22
2010 289   -1.58   -1.30    0.22
2010 290   -1.58   -1.31    0.22
2010 291   -1.57   -1.32    0.22
2010 292   -1.56   -1.33    0.22
2010 293   -1.55   -1.34    0.22
2010 294   -1.55   -1.34    0.22
2010 295   -1.54   -1.35    0.22
2010 296   -1.53   -1.36    0.22
2010 297   -1.52   -1.37    0.22
2010 298   -1.51   -1.38    0.22
2010 299   -1.51   -1.39    0.22
2010 300   -1.50   -1.40    0.22
2010 301   -1.49   -1.41    0.22
2010 302   -1.48   -1.42    0.22
2010 303   -1.47   -1.42    0.22
2010 304   -1.46   -1.43    0.22
2010 305   -1.46   -1.45    0.21
2010 306   -1.46   -1.46    0.21
2010 307   -1.45   -1.47    0.21
2010 308   -1.44   -1.47    0.21
2010 309   -1.43   -1.48    0.21
2010 310   -1.42   -1.49    0.21
2010 311   -1.41   -1.50    0.21
2010 312   -1.40   -1.51    0.21
2010 313   -1.40   -1.51    0.21
2010 314   -1.39   -1.52    0.21
2010 315   -1.38   -1.53    0.21
2010 316   -1.37   -1.54    0.21
2010 317   -1.36   -1.55    0.21
2010 318   -1.35   -1.55    0.21
2010 319   -1.34   -1.56    0.20
2010 320   -1.33   -1.57    0.20
2010 321   -1.32   -1.58    0.20
2010 322   -1.32   -1.59    0.20
2010 323   -1.31   -1.60    0.20
2010 324   -1.30   -1.61    0.20
2010 325   -1.29   -1.62    0.20
2010 326   -1.29   -1.62    0.20
2010 327   -1.27   -1.63    0.20
2010 328   -1.27   -1.64    0.20
2010 329   -1.26   -1.65    0.20
2010 330   -1.25   -1.65    0.20
2010 331   -1.24   -1.66    0.20
2010 332   -1.23   -1.67    0.19
2010 333   -1.22   -1.67    0.19
2010 334   -1.21   -1.68    0.19
2010 335   -1.20   -1.69    0.19
2010 336   -1.19   -1.69    0.19
2010 337   -1.18   -1.70    0.19
2010 338   -1.17   -1.71    0.19
2010 339   -1.16   -1.72    0.19
2010 340   -1.15   -1.72    0.18
2010 341   -1.15   -1.74    0.19
2010 342   -1.14   -1.74    0.19
2010 343   -1.13   -1.75    0.19
2010 344   -1.12   -1.76    0.18
2010 345   -1.11   -1.76    0.18
2010 346   -1.10   -1.77    0.18
2010 347   -1.09   -1.78    0.18
2010 348   -1.08   -1.78    0.18
2010 349   -1.07   -1.79    0.18
2010 350   -1.06   -1.79    0.18
2010 351   -1.05   -1.80    0.17
2010 352   -1.04   -1.81    0.17
2010 353   -1.03   -1.81    0.17
2010 354   -1.02   -1.82    0.17
2010 355   -1.01   -1.82    0.17
2010 356   -0.99   -1.83    0.17
2010 357   -0.98   -1.84    0.17
2010 358   -0.97   -1.84    0.17
2010 359   -0.96   -1.85    0.17
2010 360   -0.96   -1.86    0.17
2010 361   -0.95   -1.87    0.17
2010 362   -0.94   -1.87    0.16
2010 363   -0.92   -1.88    0.16
2010 364   -0.91   -1.88    0.16
2010 365   -0.90   -1.89    0.16
2011   1   -0.89   -1.89    0.16
2011   2   -0.88   -1.90    0.16
2011   3   -0.87   -1.90    0.16
2011   4   -0.86   -1.91    0.16
2011   5   -0.85   -1.91    0.16
2011   6   -0.84   -1.92    0.16
2011   7   -0.83   -1.92    0.15
2011   8   -0.82   -1.93    0.15
2011   9   -0.80   -1.93    0.15
2011  10   -0.79   -1.94    0.15
2011  11   -0.78   -1.94    0.15
2011  12   -0.77   -1.95    0.15
2011  13   -0.77   -1.96    0.15
2011  14   -0.75   -1.97    0.15
2011  15   -0.74   -1.97    0.15
2011  16   -0.73   -1.97    0.14
2011  17   -0.72   -1.98    0.14
2011  18   -0.71   -1.98    0.14
2011  19   -0.70   -1.99    0.14
2011  20   -0.69   -1.99    0.14
2011  21   -0.68   -1.99    0.14
2011  22   -0.66   -2.00    0.14
2011  23   -0.65   -2.00    0.14
2011  24   -0.64   -2.00    0.14
2011  25   -0.63   -2.01    0.13
2011  26   -0.62   -2.01    0.13
2011  27   -0.61   -2.02    0.13
2011  28   -0.60   -2.02    0.13
2011  29   -0.59   -2.02    0.13
2011  30   -0.58   -2.03    0.13
2011  31   -0.57   -2.04    0.13
2011  32   -0.55   -2.04    0.13
2011  33   -0.54   -2.05    0.13
2011  34   -0.53   -2.05    0.12
2011  35   -0.52   -2.05    0.12
2011  36   -0.51   -2.05    0.12
2011  37   -0.50   -2.06    0.12
2011  38   -0.49   -2.06    0.12
2011  39   -0.48   -2.06    0.12
2011  40   -0.46   -2.07    0.11
2011  41   -0.45   -2.07    0.11
2011  42   -0.44   -2.07    0.11
2011  43   -0.43   -2.07    0.11
2011  44   -0.41   -2.08    0.11
2011  45   -0.40   -2.08    0.11
2011  46   -0.39   -2.08    0.11
2011  47   -0.38   -2.08    0.11
2011  48   -0.37   -2.08    0.11
2011  49   -0.36   -2.10    0.10
2011  50   -0.35   -2.10    0.10
2011  51   -0.34   -2.10    0.10
2011  52   -0.33   -2.10    0.10
2011  53   -0.31   -2.10    0.10
2011  54   -0.30   -2.11    0.10
2011  55   -0.29   -2.11    0.10
2011  56   -0.28   -2.11    0.10
2011  57   -0.27   -2.11    0.09
2011  58   -0.26   -2.11    0.09
2011  59   -0.24   -2.11    0.09
2011  60   -0.23   -2.12    0.09
2011  61   -0.22   -2.12    0.09
2011  62   -0.21   -2.12    0.09
2011  63   -0.20   -2.12    0.09
2011  64   -0.18   -2.12    0.09
2011  65   -0.17   -2.12    0.08
2011  66   -0.16   -2.12    0.08
2011  67   -0.15   -2.13    0.08
2011  68   -0.14   -2.13    0.08
2011  69   -0.12   -2.14    0.08
2011  70   -0.11   -2.14    0.08
2011  71   -0.10   -2.14    0.07
2011  72   -0.09   -2.14    0.07
2011  73   -0.08   -2.14    0.07
2011  74   -0.06   -2.14    0.07
2011  75   -0.05   -2.14    0.07
2011  76   -0.04   -2.14    0.07
2011  77   -0.03   -2.14    0.07
2011  78   -0.02   -2.14    0.07
2011  79   -0.01   -2.14    0.06
2011  80    0.01   -2.14    0.06
2011  81    0.02   -2.14    0.06
2011  82    0.03   -2.14    0.06
2011  83    0.04   -2.14    0.06
2011  84    0.05   -2.15    0.06
2011  85    0.06   -2.15    0.06
2011  86    0.08   -2.15    0.06
2011  87    0.09   -2.15    0.05
2011  88    0.10   -2.15    0.05
2011  89    0.11   -2.15    0.05
2011  90    0.12   -2.15    0.05
2011  91    0.13   -2.15    0.05
2011  92    0.15   -2.14    0.05
2011  93    0.16   -2.14    0.05
2011  94    0.17   -2.14    0.04
2011  95    0.18   -2.14    0.04
2011  96    0.19   -2.14    0.04
2011  97    0.21   -2.14    0.04
2011  98    0.22   -2.14    0.04
2011  99    0.23   -2.14    0.04
2011 100    0.24   -2.14    0.03
2011 101    0.26   -2.14    0.03
2011 102    0.27   -2.14    0.03
2011 103    0.28   -2.14    0.03
2011 104    0.29   -2.14    0.03
2011 105    0.30   -2.14    0.03
2011 106    0.32   -2.14    0.03
2011 107    0.33   -2.14    0.02
2011 108    0.34   -2.13    0.02
2011 109    0.35   -2.13    0.02
2011 110    0.36   -2.13    0.02
2011 111    0.38   -2.13    0.02
2011 112    0.39   -2.13    0.02
2011 113    0.40   -2.12    0.02
2011 114    0.41   -2.12    0.02
2011 115    0.42   -2.12    0.01
2011 116    0.43   -2.12    0.01
2011 117    0.44   -2.12    0.01
2011 118    0.45   -2.12    0.01
2011 119    0.47   -2.12    0.01
2011 120    0.48   -2.12    0.00
2011 121    0.49   -2.11    0.00
2011 122    0.50   -2.11    0.00
2011 123    0.51   -2.11    0.00
2011 124    0.52   -2.11   -0.00
2011 125    0.54   -2.10   -0.00
2011 126    0.55   -2.10   -0.00
2011 127    0.56   -2.10   -0.00
2011 128    0.57   -2.09   -0.01
2011 129    0.58   -2.09   -0.01
2011 130    0.59   -2.09   -0.01
2011 131    0.61   -2.08   -0.01
2011 132    0.62   -2.09   -0.01
2011 133    0.63   -2.09   -0.02
2011 134    0.64   -2.08   -0.02
2011 135    0.65   -2.08   -0.02
2011 136    0.67   -2.08   -0.02
2011 137    0.68   -2.07   -0.02
2011 138    0.69   -2.07   -0.02
2011 139    0.70   -2.06   -0.02
2011 140    0.71   -2.06   -0.02
2011 141    0.72   -2.06   -0.03
2011 142    0.73   -2.05   -0.03
2011 143    0.74   -2.05   -0.03
2011 144    0.75   -2.05   -0.03
2011 145    0.77   -2.04   -0.03
2011 146    0.78   -2.04   -0.03
2011 147    0.79   -2.04   -0.03
2011 148    0.80   -2.04   -0.03
2011 149    0.81   -2.03   -0.04
2011 150    0.82   -2.03   -0.04
2011 151    0.83   -2.02   -0.04
2011 152    0.84   -2.02   -0.04
2011 153    0.86   -2.02   -0.04
2011 154    0.87   -2.01   -0.05
2011 155    0.88   -2.00   -0.05
2011 156    0.89   -2.00   -0.05
2011 157    0.90   -2.00   -0.05
2011 158    0.91   -1.99   -0.05
2011 159    0.92   -1.99   -0.05
2011 160    0.93   -1.98   -0.05
2011 161    0.95   -1.99   -0.05
2011 162    0.96   -1.98   -0.06
2011 163    0.97   -1.97   -0.06
2011 164    0.98   -1.97   -0.06
2011 165    0.99   -1.96   -0.06
2011 166    1.00   -1.96   -0.06
2011 167    1.01   -1.95   -0.06
2011 168    1.02   -1.95   -0.07
2011 169    1.03   -1.94   -0.07
2011 170    1.04   -1.94   -0.07
2011 171    1.05   -1.93   -0.07
2011 172    1.06   -1.93   -0.07
2011 173    1.07   -1.92   -0.07
2011 174    1.09   -1.92   -0.07
2011 175    1.10   -1.92   -0.07
2011 176    1.11   -1.91   -0.08
2011 177    1.12   -1.90   -0.08
2011 178    1.13   -1.90   -0.08
2011 179    1.14   -1.89   -0.08
2011 180    1.15   -1.89   -0.08
2011 181    1.16   -1.88   -0.08
2011 182    1.17   -1.87   -0.08
2011 183    1.18   -1.87   -0.08
2011 184    1.19   -1.86   -0.09
2011 185    1.20   -1.85   -0.09
2011 186    1.21   -1.85   -0.09
2011 187    1.22   -1.85   -0.09
2011 188    1.23   -1.84   -0.09
2011 189    1.24   -1.84   -0.10
2011 190    1.25   -1.83   -0.10
2011 191    1.26   -1.82   -0.10
2011 192    1.27   -1.82   -0.10
2011 193    1.28   -1.81   -0.10
2011 194    1.29   -1.80   -0.10
2011 195    1.30   -1.80   -0.10
2011 196    1.31   -1.79   -0.10
2011 197    1.32   -1.78   -0.10
2011 198    1.33   -1.78   -0.11
2011 199    1.34   -1.78   -0.11
2011 200    1.35   -1.77   -0.11
2011 201    1.36   -1.76   -0.11
2011 202    1.37   -1.76   -0.11
2011 203    1.38   -1.75   -0.11
2011 204    1.39   -1.74   -0.12
2011 205    1.40   -1.73   -0.12
2011 206    1.41   -1.73   -0.12
2011 207    1.42   -1.72   -0.12
2011 208    1.43   -1.71   -0.12
2011 209    1.43   -1.70   -0.12
2011 210    1.44   -1.70   -0.12
2011 211    1.45   -1.69   -0.12
2011 212    1.47   -1.69   -0.13
2011 213    1.48   -1.68   -0.13
2011 214    1.48   -1.67   -0.13
2011 215    1.49   -1.66   -0.13
2011 216    1.50   -1.66   -0.13
2011 217    1.51   -1.65   -0.13
2011 218    1.52   -1.64   -0.13
2011 219    1.53   -1.63   -0.14
2011 220    1.54   -1.62   -0.14
2011 221    1.54   -1.62   -0.14
2011 222    1.55   -1.61   -0.14
2011 223    1.57   -1.61   -0.14
2011 224    1.58   -1.60   -0.14
2011 225    1.58   -1.59   -0.15
2011 226    1.59   -1.58   -0.15
2011 227    1.60   -1.57   -0.15
2011 228    1.61   -1.57   -0.15
2011 229    1.62   -1.56   -0.15
2011 230    1.63   -1.55   -0.15
2011 231    1.63   -1.54   -0.15
2011 232    1.64   -1.53   -0.15
2011 233    1.65   -1.52   -0.15
2011 234    1.66   -1.51   -0.16
2011 235    1.67   -1.51   -0.16
2011 236    1.68   -1.50   -0.16
2011 237    1.69   -1.49   -0.16
2011 238    1.70   -1.48   -0.16
2011 239    1.70   -1.48   -0.16
2011 240    1.71   -1.47   -0.16
2011 241    1.72   -1.46   -0.17
2011 242    1.73   -1.45   -0.17
2011 243    1.73   -1.44   -0.17
2011 244    1.74   -1.43   -0.17
2011 245    1.75   -1.42   -0.17
2011 246    1.76   -1.42   -0.17
2011 247    1.77   -1.41   -0.17
2011 248    1.78   -1.40   -0.17
2011 249    1.78   -1.39   -0.17
2011 250    1.79   -1.38   -0.17
2011 251    1.80   -1.37   -0.18
2011 252    1.80   -1.37   -0.18
2011 253    1.81   -1.36   -0.18
2011 254    1.82   -1.35   -0.18
2011 255    1.83   -1.34   -0.18
2011 256    1.83   -1.33   -0.18
2011 257    1.85   -1.32   -0.18
2011 258    1.85   -1.32   -0.19
2011 259    1.86   -1.31   -0.19
2011 260    1.87   -1.30   -0.19
2011 261    1.87   -1.29   -0.19
2011 262    1.88   -1.28   -0.19
2011 263    1.89   -1.27   -0.19
2011 264    1.89   -1.26   -0.19
2011 265    1.90   -1.25   -0.19
2011 266    1.91   -1.24   -0.19
2011 267    1.92   -1.24   -0.20
2011 268    1.92   -1.23   -0.20
2011 269    1.93   -1.22   -0.20
2011 270    1.94   -1.21   -0.20
2011 271    1.94   -1.20   -0.20
2011 272    1.95   -1.19   -0.20
2011 273    1.96   -1.17   -0.20
2011 274    1.96   -1.16   -0.20
2011 275    1.97   -1.16   -0.20
2011 276    1.97   -1.15   -0.20
2011 277    1.98   -1.14   -0.20
2011 278    1.99   -1.13   -0.21
2011 279    2.00   -1.12   -0.21
2011 280    2.00   -1.11   -0.21
2011 281    2.01   -1.10   -0.21
2011 282    2.01   -1.09   -0.21
2011 283    2.02   -1.08   -0.21
2011 284    2.02   -1.07   -0.21
2011 285    2.03   -1.06   -0.21
2011 286    2.03   -1.05   -0.22
2011 287    2.04   -1.04   -0.22
2011 288    2.05   -1.03   -0.22
2011 289    2.06   -1.03   -0.22
2011 290    2.06   -1.02   -0.22
2011 291    2.07   -1.00   -0.22
2011 292    2.07   -0.99   -0.22
2011 293    2.08   -0.98   -0.22
2011 294    2.08   -0.97   -0.22
2011 295    2.09   -0.96   -0.23
2011 296    2.09   -0.95   -0.23
2011 297    2.10   -0.94   -0.23
2011 298    2.11   -0.94   -0.23
2011 299    2.12   -0.92   -0.23
2011 300    2.12   -0.91   -0.23
2011 301    2.12   -0.91   -0.23
2011 302    2.13   -0.89   -0.23
2011 303    2.13   -0.88   -0.23
2011 304    2.14   -0.87   -0.23
2011 305    2.14   -0.86   -0.23
2011 306    2.14   -0.85   -0.23
2011 307    2.15   -0.84   -0.23
2011 308    2.16   -0.83   -0.24
2011 309    2.17   -0.82   -0.24
2011 310    2.17   -0.81   -0.24
2011 311    2.17   -0.80   -0.24
2011 312    2.18   -0.79   -0.24
2011 313    2.18   -0.78   -0.24
2011 314    2.19   -0.77   -0.24
2011 315    2.19   -0.76   -0.24
2011 316    2.19   -0.75   -0.24
2011 317    2.20   -0.74   -0.24
2011 318    2.21   -0.73   -0.24
2011 319    2.21   -0.72   -0.25
2011 320    2.22   -0.71   -0.25
2011 321    2.22   -0.70   -0.25
2011 322    2.22   -0.69   -0.25
2011 323    2.23   -0.68   -0.25
2011 324    2.23   -0.67   -0.25
2011 325    2.23   -0.66   -0.25
2011 326    2.24   -0.65   -0.25
2011 327    2.24   -0.63   -0.25
2011 328    2.25   -0.63   -0.25
2011 329    2.25   -0.62   -0.25
2011 330    2.26   -0.60   -0.25
2011 331    2.26   -0.59   -0.26
2011 332    2.26   -0.58   -0.26
2011 333    2.26   -0.57   -0.26
2011 334    2.27   -0.56   -0.26
2011 335    2.27   -0.55   -0.26
2011 336    2.27   -0.54   -0.26
2011 337    2.27   -0.53   -0.26
2011 338    2.29   -0.52   -0.26
2011 339    2.29   -0.51   -0.26
2011 340    2.29   -0.50   -0.26
2011 341    2.29   -0.49   -0.26
2011 342    2.30   -0.48   -0.26
2011 343    2.30   -0.46   -0.26
2011 344    2.30   -0.46   -0.27
2011 345    2.30   -0.44   -0.27
2011 346    2.30   -0.43   -0.27
2011 347    2.31   -0.42   -0.27
2011 348    2.31   -0.41   -0.27
2011 349    2.32   -0.40   -0.27
2011 350    2.32   -0.39   -0.27
2011 351    2.32   -0.38   -0.27
2011 352    2.33   -0.37   -0.27
2011 353    2.33   -0.36   -0.27
2011 354    2.33   -0.35   -0.27
2011 355    2.33   -0.34   -0.27
2011 356    2.33   -0.32   -0.27
2011 357    2.33   -0.32   -0.27
2011 358    2.33   -0.30   -0.27
2011 359    2.35   -0.29   -0.28
2011 360    2.35   -0.28   -0.28
2011 361    2.35   -0.27   -0.28
2011 362    2.35   -0.26   -0.28
2011 363    2.35   -0.25   -0.28
2011 364    2.35   -0.24   -0.28
2011 365    2.35   -0.23   -0.28
2012   1    2.35   -0.21   -0.28
2012   2    2.35   -0.21   -0.28
2012   3    2.36   -0.19   -0.28
2012   4    2.37   -0.18   -0.28
2012   5    2.37   -0.17   -0.28
2012   6    2.37   -0.16   -0.28
2012   7    2.37   -0.15   -0.28
2012   8    2.37   -0.14   -0.28
2012   9    2.37   -0.13   -0.28
2012  10    2.37   -0.12   -0.28
2012  11    2.37   -0.11   -0.28
2012  12    2.37   -0.10   -0.28
2012  13    2.37   -0.08   -0.29
2012  14    2.38   -0.07   -0.29
2012  15    2.38   -0.06   -0.29
2012  16    2.38   -0.05   -0.29
2012  17    2.38   -0.04   -0.29
2012  18    2.38   -0.03   -0.29
2012  19    2.38   -0.02   -0.29
2012  20    2.38   -0.01   -0.29
2012  21    2.38    0.00   -0.29
2012  22    2.38    0.01   -0.29
2012  23    2.38    0.02   -0.29
2012  24    2.38    0.04   -0.29
2012  25    2.39    0.05   -0.29
2012  26    2.39    0.06   -0.29
2012  27    2.39    0.07   -0.29
2012  28    2.39    0.08   -0.29
2012  29    2.39    0.09   -0.29
2012  30    2.39    0.10   -0.29
2012  31    2.39    0.11   -0.29
2012  32    2.39    0.13   -0.29
2012  33    2.39    0.13   -0.29
2012  34    2.39    0.15   -0.29
2012  35    2.40    0.16   -0.29
2012  36    2.40    0.17   -0.29
2012  37    2.40    0.18   -0.29
2012  38    2.39    0.19   -0.29
2012  39    2.39    0.20   -0.29
2012  40    2.39    0.21   -0.29
2012  41    2.39    0.22   -0.30
2012  42    2.39    0.23   -0.30
2012  43    2.39    0.24   -0.30
2012  44    2.39    0.26   -0.30
2012  45    2.39    0.26   -0.30
2012  46    2.40    0.28   -0.30
2012  47    2.39    0.29   -0.30
2012  48    2.39    0.30   -0.30
2012  49    2.39    0.31   -0.30
2012  50    2.39    0.32   -0.30
2012  51    2.39    0.33   -0.30
2012  52    2.39    0.34   -0.30
2012  53    2.39    0.35   -0.30
2012  54    2.38    0.36   -0.30
2012  55    2.38    0.37   -0.30
2012  56    2.38    0.39   -0.30
2012  57    2.39    0.40   -0.30
2012  58    2.39    0.41   -0.30
2012  59    2.39    0.42   -0.30
2012  60    2.38    0.43   -0.30
2012  61    2.38    0.44   -0.30
2012  62    2.38    0.45   -0.30
2012  63    2.38    0.46   -0.30
2012  64    2.38    0.47   -0.30
2012  65    2.37    0.48   -0.30
2012  66    2.37    0.49   -0.30
2012  67    2.37    0.50   -0.30
2012  68    2.38    0.51   -0.30
2012  69    2.37    0.53   -0.30
2012  70    2.37    0.53   -0.30
2012  71    2.37    0.55   -0.30
2012  72    2.37    0.56   -0.30
2012  73    2.36    0.57   -0.30
2012  74    2.36    0.58   -0.30
2012  75    2.36    0.59   -0.30
2012  76    2.36    0.60   -0.30
2012  77    2.35    0.61   -0.30
2012  78    2.35    0.62   -0.30
2012  79    2.35    0.63   -0.30
2012  80    2.35    0.64   -0.30
2012  81    2.35    0.65   -0.30
2012  82    2.35    0.66   -0.30
2012  83    2.35    0.67   -0.30
2012  84    2.34    0.69   -0.30
2012  85    2.34    0.69   -0.30
2012  86    2.34    0.71   -0.30
2012  87    2.33    0.71   -0.30
2012  88    2.33    0.73   -0.30
2012  89    2.33    0.73   -0.30
2012  90    2.32    0.75   -0.30
2012  91    2.32    0.75   -0.30
2012  92    2.33    0.77   -0.31
2012  93    2.32    0.78   -0.31
2012  94    2.32    0.79   -0.31
2012  95    2.32    0.80   -0.31
2012  96    2.31    0.81   -0.31
2012  97    2.31    0.82   -0.31
2012  98    2.31    0.83   -0.31
2012  99    2.30    0.84   -0.31
2012 100    2.30    0.85   -0.31
2012 101    2.30    0.86   -0.31
2012 102    2.29    0.87   -0.31
2012 103    2.29    0.88   -0.31
2012 104    2.28    0.89   -0.31
2012 105    2.29    0.90   -0.31
2012 106    2.28    0.91   -0.31
2012 107    2.28    0.92   -0.31
2012 108    2.28    0.93   -0.31
2012 109    2.27    0.94   -0.31
2012 110    2.27    0.95   -0.31
2012 111    2.27    0.96   -0.31
2012 112    2.26    0.97   -0.30
2012 113    2.26    0.98   -0.30
2012 114    2.25    0.99   -0.30
2012 115    2.25    1.00   -0.30
2012 116    2.25    1.01   -0.30
2012 117    2.25    1.02   -0.30
2012 118    2.25    1.03   -0.30
2012 119    2.24    1.04   -0.30
2012 120    2.24    1.05   -0.30
2012 121    2.23    1.06   -0.30
2012 122    2.23    1.07   -0.30
2012 123    2.22    1.08   -0.30
2012 124    2.22    1.09   -0.30
2012 125    2.21    1.10   -0.30
2012 126    2.21    1.11   -0.30
2012 127    2.20    1.12   -0.30
2012 128    2.20    1.13   -0.30
2012 129    2.19    1.14   -0.30
2012 130    2.19    1.15   -0.30
2012 131    2.19    1.16   -0.30
2012 132    2.19    1.17   -0.30
2012 133    2.18    1.18   -0.30
2012 134    2.18    1.19   -0.30
2012 135    2.17    1.20   -0.30
2012 136    2.17    1.21   -0.30
2012 137    2.16    1.22   -0.30
2012 138    2.16    1.23   -0.30
2012 139    2.15    1.24   -0.30
2012 140    2.15    1.24   -0.30
2012 141    2.14    1.25   -0.30
2012 142    2.14    1.26   -0.30
2012 143    2.13    1.27   -0.30
2012 144    2.13    1.28   -0.30
2012 145    2.13    1.29   -0.30
2012 146    2.12    1.31   -0.30
2012 147    2.12    1.31   -0.30
2012 148    2.11    1.32   -0.30
2012 149    2.11    1.33   -0.30
2012 150    2.10    1.34   -0.30
2012 151    2.09    1.35   -0.30
2012 152    2.09    1.36   -0.30
2012 153    2.09    1.36   -0.29
2012 154    2.08    1.38   -0.29
2012 155    2.07    1.38   -0.29
2012 156    2.07    1.39   -0.29
2012 157    2.06    1.40   -0.29
2012 158    2.05    1.41   -0.29
2012 159    2.05    1.42   -0.29
2012 160    2.04    1.43   -0.29
2012 161    2.05    1.44   -0.29
2012 162    2.04    1.45   -0.29
2012 163    2.03    1.46   -0.29
2012 164    2.03    1.47   -0.29
2012 165    2.02    1.47   -0.29
2012 166    2.01    1.49   -0.29
2012 167    2.01    1.49   -0.29
2012 168    2.00    1.50   -0.29
2012 169    2.00    1.51   -0.29
2012 170    1.99    1.52   -0.29
2012 171    1.98    1.53   -0.29
2012 172    1.98    1.53   -0.29
2012 173    1.97    1.54   -0.29
2012 174    1.96    1.55   -0.29
2012 175    1.96    1.56   -0.29
2012 176    1.95    1.57   -0.29
2012 177    1.95    1.58   -0.29
2012 178    1.95    1.59   -0.29
2012 179    1.94    1.60   -0.29
2012 180    1.93    1.61   -0.28
2012 181    1.93    1.61   -0.28
2012 182    1.92    1.62   -0.28
2012 183    1.91    1.63   -0.28
2012 184    1.91    1.64   -0.28
2012 185    1.90    1.65   -0.28
2012 186    1.89    1.65   -0.28
2012 187    1.89    1.66   -0.28
2012 188    1.88    1.67   -0.28
2012 189    1.87    1.68   -0.28
2012 190    1.87    1.69   -0.28
2012 191    1.86    1.69   -0.28
2012 192    1.85    1.70   -0.28
2012 193    1.85    1.71   -0.28
2012 194    1.84    1.72   -0.28
2012 195    1.83    1.72   -0.27
2012 196    1.83    1.74   -0.27
2012 197    1.83    1.74   -0.27
2012 198    1.82    1.75   -0.27
2012 199    1.81    1.76   -0.27
2012 200    1.80    1.77   -0.27
2012 201    1.79    1.78   -0.27
2012 202    1.79    1.78   -0.27
2012 203    1.78    1.79   -0.27
2012 204    1.77    1.80   -0.27
2012 205    1.77    1.80   -0.27
2012 206    1.76    1.81   -0.27
2012 207    1.75    1.82   -0.27
2012 208    1.75    1.83   -0.27
2012 209    1.74    1.83   -0.27
2012 210    1.73    1.84   -0.27
2012 211    1.72    1.85   -0.27
2012 212    1.72    1.85   -0.27
2012 213    1.71    1.86   -0.27
2012 214    1.70    1.87   -0.27
2012 215    1.69    1.87   -0.26
2012 216    1.68    1.88   -0.26
2012 217    1.68    1.90   -0.26
2012 218    1.68    1.90   -0.26
2012 219    1.67    1.91   -0.26
2012 220    1.66    1.92   -0.26
2012 221    1.65    1.92   -0.26
2012 222    1.64    1.93   -0.26
2012 223    1.64    1.94   -0.26
2012 224    1.63    1.94   -0.26
2012 225    1.62    1.95   -0.26
2012 226    1.61    1.96   -0.26
2012 227    1.61    1.96   -0.25
2012 228    1.60    1.97   -0.25
2012 229    1.59    1.98   -0.25
2012 230    1.58    1.98   -0.25
2012 231    1.57    1.99   -0.25
2012 232    1.57    2.00   -0.25
2012 233    1.56    2.00   -0.25
2012 234    1.55    2.01   -0.25
2012 235    1.54    2.02   -0.25
2012 236    1.53    2.02   -0.25
2012 237    1.52    2.03   -0.25
2012 238    1.52    2.04   -0.24
2012 239    1.51    2.04   -0.24
2012 240    1.50    2.05   -0.24
2012 241    1.49    2.05   -0.24
2012 242    1.49    2.07   -0.25
2012 243    1.48    2.07   -0.25
2012 244    1.47    2.08   -0.24
2012 245    1.47    2.09   -0.24
2012 246    1.45    2.09   -0.24
2012 247    1.45    2.10   -0.24
2012 248    1.44    2.10   -0.24
2012 249    1.43    2.11   -0.24
2012 250    1.42    2.12   -0.24
2012 251    1.41    2.12   -0.24
2012 252    1.41    2.13   -0.24
2012 253    1.40    2.13   -0.24
2012 254    1.39    2.14   -0.23
2012 255    1.38    2.14   -0.23
2012 256    1.37    2.15   -0.23
2012 257    1.36    2.15   -0.23
2012 258    1.35    2.16   -0.23
2012 259    1.34    2.17   -0.23
2012 260    1.34    2.17   -0.23
2012 261    1.33    2.18   -0.23
2012 262    1.32    2.18   -0.23
2012 263    1.31    2.19   -0.23
2012 264    1.30    2.19   -0.22
2012 265    1.29    2.20   -0.22
2012 266    1.28    2.20   -0.22
2012 267    1.28    2.21   -0.22
2012 268    1.27    2.21   -0.22
2012 269    1.26    2.22   -0.22
2012 270    1.25    2.22   -0.22
2012 271    1.24    2.23   -0.22
2012 272    1.23    2.23   -0.22
2012 273    1.22    2.24   -0.21
2012 274    1.21    2.24   -0.21
2012 275    1.21    2.25   -0.21
2012 276    1.19    2.25   -0.21
2012 277    1.19    2.26   -0.21
2012 278    1.18    2.26   -0.21
2012 279    1.17    2.27   -0.21
2012 280    1.16    2.27   -0.21
2012 281    1.15    2.28   -0.21
2012 282    1.14    2.28   -0.21
2012 283    1.13    2.29   -0.21
2012 284    1.12    2.29   -0.21
2012 285    1.11    2.30   -0.21
2012 286    1.10    2.30   -0.20
2012 287    1.09    2.31   -0.20
2012 288    1.09    2.32   -0.20
2012 289    1.08    2.32   -0.20
2012 290    1.07    2.33   -0.20
2012 291    1.06    2.33   -0.20
2012 292    1.05    2.34   -0.20
2012 293    1.04    2.34   -0.20
2012 294    1.03    2.34   -0.20
2012 295    1.03    2.35   -0.19
2012 296    1.01    2.35   -0.19
2012 297    1.01    2.36   -0.19
2012 298    1.00    2.36   -0.19
2012 299    0.99    2.36   -0.19
2012 300    0.98    2.37   -0.19
2012 301    0.97    2.37   -0.19
2012 302    0.96    2.38   -0.19
2012 303    0.95    2.38   -0.18
2012 304    0.94    2.39   -0.18
2012 305    0.93    2.39   -0.18
2012 306    0.92    2.39   -0.18
2012 307    0.91    2.40   -0.18
2012 308    0.90    2.40   -0.18
2012 309    0.89    2.40   -0.18
2012 310    0.88    2.41   -0.18
2012 311    0.87    2.41   -0.17
2012 312    0.86    2.41   -0.17
2012 313    0.86    2.42   -0.17
2012 314    0.84    2.42   -0.17
2012 315    0.83    2.42   -0.17
2012 316    0.83    2.43   -0.17
2012 317    0.81    2.43   -0.17
2012 318    0.81    2.43   -0.17
2012 319    0.80    2.44   -0.17
2012 320    0.78    2.44   -0.17
2012 321    0.78    2.44   -0.17
2012 322    0.77    2.45   -0.16
2012 323    0.76    2.45   -0.16
2012 324    0.75    2.45   -0.16
2012 325    0.74    2.46   -0.16
2012 326    0.73    2.46   -0.16
2012 327    0.71    2.45   -0.16
2012 328    0.70    2.46   -0.16
2012 329    0.70    2.46   -0.15
2012 330    0.68    2.46   -0.15
2012 331    0.67    2.46   -0.15
2012 332    0.67    2.47   -0.15
2012 333    0.66    2.47   -0.15
2012 334    0.64    2.47   -0.15
2012 335    0.64    2.48   -0.15
2012 336    0.63    2.48   -0.15
2012 337    0.61    2.48   -0.14
2012 338    0.61    2.48   -0.14
2012 339    0.60    2.49   -0.14
2012 340    0.59    2.49   -0.14
2012 341    0.58    2.49   -0.14
2012 342    0.57    2.49   -0.14
2012 343    0.56    2.49   -0.14
2012 344    0.54    2.50   -0.13
2012 345    0.54    2.50   -0.13
2012 346    0.53    2.50   -0.13
2012 347    0.51    2.50   -0.13
2012 348    0.51    2.51   -0.13
2012 349    0.50    2.51   -0.13
2012 350    0.48    2.51   -0.13
2012 351    0.47    2.51   -0.13
2012 352    0.47    2.51   -0.13
2012 353    0.46    2.52   -0.13
2012 354    0.44    2.52   -0.12
2012 355    0.44    2.52   -0.12
2012 356    0.43    2.52   -0.12
2012 357    0.41    2.52   -0.12
2012 358    0.40    2.53   -0.12
2012 359    0.40    2.53   -0.12
2012 360    0.38    2.53   -0.12
2012 361    0.37    2.53   -0.11
2012 362    0.36    2.53   -0.11
2012 363    0.35    2.53   -0.11
2012 364    0.34    2.53   -0.11
2012 365    0.33    2.54   -0.11
2012 366    0.33    2.54   -0.11
2013   1    0.31    2.54   -0.10
2013   2    0.30    2.54   -0.10
2013   3    0.29    2.54   -0.10
2013   4    0.28    2.54   -0.10
2013   5    0.27    2.54   -0.10
2013   6    0.26    2.55   -0.10
2013   7    0.25    2.55   -0.10
2013   8    0.24    2.55   -0.09
2013   9    0.23    2.55   -0.09
2013  10    0.22    2.54   -0.09
2013  11    0.21    2.54   -0.09
2013  12    0.20    2.54   -0.09
2013  13    0.19    2.54   -0.09
2013  14    0.18    2.54   -0.08
2013  15    0.17    2.54   -0.08
2013  16    0.16    2.54   -0.08
2013  17    0.15    2.54   -0.08
2013  18    0.14    2.55   -0.08
2013  19    0.12    2.55   -0.08
2013  20    0.12    2.55   -0.08
2013  21    0.11    2.55   -0.08
2013  22    0.09    2.55   -0.08
2013  23    0.08    2.55   -0.07
2013  24    0.08    2.55   -0.07
2013  25    0.06    2.55   -0.07
2013  26    0.05    2.55   -0.07
2013  27    0.04    2.55   -0.07
2013  28    0.03    2.55   -0.07
2013  29    0.02    2.55   -0.07
2013  30    0.01    2.55   -0.06
2013  31    0.00    2.55   -0.06
2013  32   -0.01    2.55   -0.06
2013  33   -0.02    2.55   -0.06
2013  34   -0.03    2.55   -0.06
2013  35   -0.04    2.55   -0.06
2013  36   -0.05    2.55   -0.05
2013  37   -0.06    2.55   -0.05
2013  38   -0.07    2.55   -0.05
2013  39   -0.08    2.54   -0.05
2013  40   -0.09    2.54   -0.05
2013  41   -0.10    2.54   -0.05
2013  42   -0.12    2.54   -0.04
2013  43   -0.12    2.54   -0.04
2013  44   -0.13    2.54   -0.04
2013  45   -0.15    2.54   -0.04
2013  46   -0.16    2.53   -0.04
2013  47   -0.16    2.53   -0.04
2013  48   -0.18    2.53   -0.04
2013  49   -0.19    2.53   -0.04
2013  50   -0.19    2.53   -0.04
2013  51   -0.21    2.53   -0.03
2013  52   -0.22    2.53   -0.03
2013  53   -0.23    2.53   -0.03
2013  54   -0.24    2.53   -0.03
2013  55   -0.25    2.53   -0.03
2013  56   -0.26    2.53   -0.02
2013  57   -0.27    2.53   -0.02
2013  58   -0.28    2.52   -0.02
2013  59   -0.29    2.52   -0.02
2013  60   -0.30    2.52   -0.02
2013  61   -0.31    2.52   -0.02
2013  62   -0.32    2.51   -0.01
2013  63   -0.33    2.51   -0.01
2013  64   -0.34    2.51   -0.01
2013  65   -0.35    2.51   -0.01
2013  66   -0.36    2.50   -0.01
2013  67   -0.37    2.50   -0.01
2013  68   -0.38    2.50   -0.00
2013  69   -0.40    2.50   -0.00
2013  70   -0.40    2.50   -0.00
2013  71   -0.41    2.50   -0.00
2013  72   -0.43    2.49    0.00
2013  73   -0.43    2.49    0.00
2013  74   -0.44    2.49    0.00
2013  75   -0.46    2.49    0.00
2013  76   -0.47    2.49    0.00
2013  77   -0.48    2.48    0.01
2013  78   -0.49    2.48    0.01
2013  79   -0.50    2.48    0.01
2013  80   -0.51    2.48    0.01
2013  81   -0.52    2.48    0.01
2013  82   -0.53    2.47    0.02
2013  83   -0.54    2.46    0.02
2013  84   -0.55    2.46    0.02
2013  85   -0.56    2.46    0.02
2013  86   -0.57    2.46    0.02
2013  87   -0.58    2.45    0.02
2013  88   -0.59    2.45    0.03
2013  89   -0.60    2.45    0.03
2013  90   -0.61    2.45    0.03
2013  91   -0.62    2.44    0.03
2013  92   -0.63    2.44    0.03
2013  93   -0.64    2.44    0.04
2013  94   -0.65    2.43    0.04
2013  95   -0.66    2.43    0.04
2013  96   -0.67    2.43    0.04
2013  97   -0.68    2.43    0.04
2013  98   -0.69    2.42    0.04
2013  99   -0.70    2.42    0.04
2013 100   -0.71    2.42    0.04
2013 101   -0.72    2.41    0.04
2013 102   -0.73    2.40    0.05
2013 103   -0.74    2.40    0.05
2013 104   -0.75    2.39    0.05
2013 105   -0.76    2.39    0.05
2013 106   -0.77    2.39    0.05
2013 107   -0.78    2.39    0.06
2013 108   -0.79    2.38    0.06
2013 109   -0.80    2.38    0.06
2013 110   -0.81    2.38    0.06
2013 111   -0.82    2.37    0.06
2013 112   -0.83    2.37    0.06
2013 113   -0.84    2.36    0.07
2013 114   -0.85    2.36    0.07
2013 115   -0.86    2.36    0.07
2013 116   -0.87    2.35    0.07
2013 117   -0.88    2.35    0.07
2013 118   -0.89    2.35    0.07
2013 119   -0.90    2.34    0.07
2013 120   -0.91    2.34    0.07
2013 121   -0.92    2.32    0.08
2013 122   -0.93    2.32    0.08
2013 123   -0.94    2.32    0.08
2013 124   -0.95    2.31    0.08
2013 125   -0.96    2.31    0.08
2013 126   -0.97    2.30    0.08
2013 127   -0.98    2.30    0.09
2013 128   -0.99    2.29    0.09
2013 129   -1.00    2.29    0.09
2013 130   -1.01    2.29    0.09
2013 131   -1.02    2.28    0.09
2013 132   -1.03    2.28    0.10
2013 133   -1.04    2.27    0.10
2013 134   -1.05    2.27    0.10
2013 135   -1.06    2.26    0.10
2013 136   -1.07    2.26    0.10
2013 137   -1.08    2.25    0.10
2013 138   -1.09    2.25    0.10
2013 139   -1.09    2.24    0.10
2013 140   -1.10    2.23    0.11
2013 141   -1.11    2.23    0.11
2013 142   -1.12    2.22    0.11
2013 143   -1.13    2.22    0.11
2013 144   -1.14    2.21    0.11
2013 145   -1.15    2.21    0.11
2013 146   -1.16    2.20    0.12
2013 147   -1.17    2.20    0.12
2013 148   -1.18    2.19    0.12
2013 149   -1.19    2.19    0.12
2013 150   -1.20    2.18    0.12
2013 151   -1.21    2.18    0.13
2013 152   -1.22    2.17    0.13
2013 153   -1.22    2.16    0.13
2013 154   -1.24    2.16    0.13
2013 155   -1.24    2.15    0.13
2013 156   -1.25    2.15    0.13
2013 157   -1.26    2.14    0.13
2013 158   -1.27    2.13    0.13
2013 159   -1.28    2.12    0.13
2013 160   -1.29    2.12    0.14
2013 161   -1.29    2.11    0.14
2013 162   -1.30    2.10    0.14
2013 163   -1.31    2.10    0.14
2013 164   -1.32    2.09    0.14
2013 165   -1.33    2.09    0.15
2013 166   -1.34    2.08    0.15
2013 167   -1.35    2.07    0.15
2013 168   -1.36    2.07    0.15
2013 169   -1.37    2.06    0.15
2013 170   -1.38    2.06    0.15
2013 171   -1.39    2.05    0.16
2013 172   -1.39    2.04    0.16
2013 173   -1.41    2.04    0.16
2013 174   -1.41    2.03    0.16
2013 175   -1.42    2.02    0.16
2013 176   -1.43    2.02    0.16
2013 177   -1.44    2.01    0.16
2013 178   -1.45    2.00    0.16
2013 179   -1.45    1.99    0.17
2013 180   -1.46    1.98    0.17
2013 181   -1.47    1.98    0.17
2013 182   -1.48    1.97    0.17
2013 183   -1.49    1.97    0.17
2013 184   -1.50    1.96    0.17
2013 185   -1.51    1.95    0.18
2013 186   -1.51    1.94    0.18
2013 187   -1.52    1.94    0.18
2013 188   -1.53    1.93    0.18
2013 189   -1.54    1.92    0.18
2013 190   -1.55    1.92    0.18
2013 191   -1.56    1.91    0.19
2013 192   -1.57    1.90    0.19
2013 193   -1.57    1.90    0.19
2013 194   -1.58    1.89    0.19
2013 195   -1.59    1.88    0.19
2013 196   -1.60    1.87    0.19
2013 197   -1.61    1.86    0.19
2013 198   -1.62    1.86    0.19
2013 199   -1.62    1.85    0.20
2013 200   -1.62    1.84    0.20
2013 201   -1.63    1.83    0.20
2013 202   -1.64    1.82    0.20
2013 203   -1.65    1.81    0.20
2013 204   -1.66    1.80    0.20
2013 205   -1.67    1.80    0.21
2013 206   -1.67    1.79    0.21
2013 207   -1.68    1.78    0.21
2013 208   -1.69    1.77    0.21
2013 209   -1.70    1.77    0.21
2013 210   -1.71    1.76    0.21
2013 211   -1.71    1.75    0.21
2013 212   -1.72    1.74    0.21
2013 213   -1.73    1.74    0.21
2013 214   -1.74    1.73    0.22
2013 215   -1.75    1.72    0.22
2013 216   -1.75    1.71    0.22
2013 217   -1.76    1.70    0.22
2013 218   -1.77    1.69    0.22
2013 219   -1.78    1.69    0.22
2013 220   -1.79    1.68    0.23
2013 221   -1.79    1.67    0.23
2013 222   -1.80    1.66    0.23
2013 223   -1.81    1.65    0.23
2013 224   -1.81    1.65    0.23
2013 225   -1.82    1.64    0.23
2013 226   -1.82    1.62    0.23
2013 227   -1.83    1.61    0.23
2013 228   -1.84    1.60    0.23
2013 229   -1.85    1.59    0.23
2013 230   -1.85    1.59    0.24
2013 231   -1.86    1.58    0.24
2013 232   -1.87    1.57    0.24
2013 233   -1.87    1.56    0.24
2013 234   -1.88    1.55    0.24
2013 235   -1.89    1.54    0.24
2013 236   -1.89    1.53    0.25
2013 237   -1.90    1.52    0.25
2013 238   -1.91    1.52    0.25
2013 239   -1.92    1.51    0.25
2013 240   -1.92    1.50    0.25
2013 241   -1.93    1.49    0.25
2013 242   -1.94    1.48    0.25
2013 243   -1.94    1.47    0.26
2013 244   -1.95    1.46    0.26
2013 245   -1.96    1.45    0.26
2013 246   -1.96    1.44    0.26
2013 247   -1.97    1.43    0.26
2013 248   -1.98    1.43    0.26
2013 249   -1.98    1.41    0.26
2013 250   -1.99    1.40    0.26
2013 251   -2.00    1.40    0.26
2013 252   -2.00    1.39    0.26
2013 253   -2.01    1.38    0.27
2013 254   -2.01    1.37    0.27
2013 255   -2.02    1.36    0.27
2013 256   -2.03    1.35    0.27
2013 257   -2.03    1.34    0.27
2013 258   -2.04    1.33    0.27
2013 259   -2.05    1.32    0.27
2013 260   -2.05    1.31    0.28
2013 261   -2.06    1.30    0.28
2013 262   -2.06    1.29    0.28
2013 263   -2.07    1.28    0.28
2013 264   -2.08    1.27    0.28
2013 265   -2.08    1.26    0.28
2013 266   -2.09    1.25    0.28
2013 267   -2.09    1.24    0.28
2013 268   -2.10    1.23    0.29
2013 269   -2.10    1.22    0.28
2013 270   -2.10    1.21    0.28
2013 271   -2.11    1.20    0.29
2013 272   -2.11    1.19    0.29
2013 273   -2.12    1.17    0.29
2013 274   -2.12    1.17    0.29
2013 275   -2.13    1.16    0.29
2013 276   -2.13    1.14    0.29
2013 277   -2.14    1.14    0.29
2013 278   -2.14    1.13    0.29
2013 279   -2.15    1.11    0.30
2013 280   -2.16    1.10    0.30
2013 281   -2.16    1.10    0.30
2013 282   -2.17    1.08    0.30
2013 283   -2.17    1.07    0.30
2013 284   -2.18    1.06    0.30
2013 285   -2.18    1.05    0.30
2013 286   -2.19    1.04    0.30
2013 287   -2.19    1.03    0.30
2013 288   -2.19    1.02    0.31
2013 289   -2.20    1.01    0.31
2013 290   -2.20    1.00    0.31
2013 291   -2.21    0.99    0.31
2013 292   -2.21    0.98    0.31
2013 293   -2.22    0.97    0.31
2013 294   -2.22    0.96    0.31
2013 295   -2.23    0.95    0.31
2013 296   -2.23    0.94    0.31
2013 297   -2.24    0.93    0.31
2013 298   -2.24    0.91    0.31
2013 299   -2.24    0.91    0.31
2013 300   -2.25    0.89    0.31
2013 301   -2.25    0.88    0.31
2013 302   -2.26    0.87    0.32
2013 303   -2.26    0.86    0.32
2013 304   -2.26    0.85    0.32
2013 305   -2.27    0.84    0.32
2013 306   -2.28    0.83    0.32
2013 307   -2.28    0.82    0.32
2013 308   -2.29    0.81    0.32
2013 309   -2.29    0.80    0.32
2013 310   -2.30    0.79    0.32
2013 311   -2.30    0.78    0.32
2013 312   -2.30    0.77    0.33
2013 313   -2.31    0.75    0.33
2013 314   -2.31    0.75    0.33
2013 315   -2.31    0.73    0.33
2013 316   -2.32    0.72    0.33
2013 317   -2.32    0.71    0.33
2013 318   -2.32    0.70    0.33
2013 319   -2.33    0.69    0.33
2013 320   -2.33    0.68    0.33
2013 321   -2.33    0.66    0.33
2013 322   -2.34    0.66    0.33
2013 323   -2.34    0.64    0.33
2013 324   -2.34    0.63    0.34
2013 325   -2.35    0.62    0.34
2013 326   -2.35    0.61    0.34
2013 327   -2.35    0.60    0.34
2013 328   -2.35    0.59    0.34
2013 329   -2.36    0.57    0.34
2013 330   -2.36    0.57    0.34
2013 331   -2.36    0.55    0.34
2013 332   -2.36    0.54    0.34
2013 333   -2.37    0.53    0.34
2013 334   -2.37    0.52    0.34
2013 335   -2.37    0.51    0.34
2013 336   -2.37    0.50    0.34
2013 337   -2.38    0.49    0.35
2013 338   -2.38    0.48    0.35
2013 339   -2.38    0.46    0.35
2013 340   -2.38    0.45    0.35
2013 341   -2.38    0.44    0.35
2013 342   -2.39    0.43    0.35
2013 343   -2.39    0.42    0.35
2013 344   -2.39    0.40    0.35
2013 345   -2.39    0.40    0.35
2013 346   -2.40    0.39    0.35
2013 347   -2.41    0.37    0.35
2013 348   -2.41    0.36    0.35
2013 349   -2.41    0.35    0.35
2013 350   -2.41    0.34    0.35
2013 351   -2.41    0.33    0.35
2013 352   -2.41    0.32    0.35
2013 353   -2.42    0.31    0.35
2013 354   -2.42    0.29    0.36
2013 355   -2.42    0.28    0.36
2013 356   -2.42    0.27    0.36
2013 357   -2.42    0.26    0.36
2013 358   -2.42    0.25    0.36
2013 359   -2.42    0.24    0.36
2013 360   -2.42    0.22    0.36
2013 361   -2.42    0.21    0.36
2013 362   -2.43    0.20    0.36
2013 363   -2.43    0.19    0.36
2013 364   -2.43    0.18    0.36
2013 365   -2.43    0.17    0.36
2014   1   -2.43    0.15    0.36
2014   2   -2.43    0.14    0.36
2014   3   -2.43    0.13    0.36
2014   4   -2.44    0.12    0.36
2014   5   -2.44    0.11    0.36
2014   6   -2.44    0.10    0.36
2014   7   -2.44    0.09    0.36
2014   8   -2.44    0.07    0.36
2014   9   -2.44    0.06    0.36
2014  10   -2.44    0.05    0.36
2014  11   -2.44    0.04    0.36
2014  12   -2.44    0.03    0.36
2014  13   -2.44    0.02    0.36
2014  14   -2.44    0.00    0.36
2014  15   -2.44   -0.01    0.36
2014  16   -2.44   -0.02    0.36
2014  17   -2.44   -0.03    0.36
2014  18   -2.44   -0.04    0.36
2014  19   -2.44   -0.05    0.36
2014  20   -2.44   -0.06    0.36
2014  21   -2.44   -0.08    0.36
2014  22   -2.45   -0.09    0.36
2014  23   -2.45   -0.10    0.36
2014  24   -2.45   -0.11    0.36
2014  25   -2.45   -0.12    0.36
2014  26   -2.45   -0.13    0.36
2014  27   -2.45   -0.15    0.36
2014  28   -2.45   -0.16    0.36
2014  29   -2.45   -0.17    0.36
2014  30   -2.45   -0.18    0.36
2014  31   -2.45   -0.19    0.36
2014  32   -2.45   -0.20    0.36
2014  33   -2.44   -0.21    0.36
2014  34   -2.44   -0.23    0.36
2014  35   -2.44   -0.24    0.36
2014  36   -2.44   -0.25    0.36
2014  37   -2.45   -0.26    0.36
2014  38   -2.45   -0.27    0.36
2014  39   -2.45   -0.28    0.36
2014  40   -2.45   -0.30    0.36
2014  41   -2.44   -0.30    0.36
2014  42   -2.44   -0.32    0.36
2014  43   -2.44   -0.33    0.36
2014  44   -2.44   -0.34    0.36
2014  45   -2.44   -0.35    0.36
2014  46   -2.44   -0.36    0.36
2014  47   -2.43   -0.37    0.36
2014  48   -2.43   -0.39    0.36
2014  49   -2.43   -0.40    0.36
2014  50   -2.44   -0.41    0.37
2014  51   -2.44   -0.42    0.37
2014  52   -2.43   -0.43    0.37
2014  53   -2.43   -0.44    0.37
2014  54   -2.43   -0.45    0.37
2014  55   -2.43   -0.46    0.37
2014  56   -2.43   -0.48    0.37
2014  57   -2.43   -0.49    0.36
2014  58   -2.42   -0.50    0.36
2014  59   -2.42   -0.51    0.36
2014  60   -2.42   -0.52    0.36
2014  61   -2.42   -0.53    0.36
2014  62   -2.42   -0.55    0.36
2014  63   -2.42   -0.56    0.36
2014  64   -2.42   -0.57    0.36
2014  65   -2.42   -0.58    0.36
2014  66   -2.41   -0.59    0.36
2014  67   -2.41   -0.60    0.36
2014  68   -2.41   -0.61    0.36
2014  69   -2.41   -0.62    0.36
2014  70   -2.40   -0.63    0.36
2014  71   -2.40   -0.64    0.36
2014  72   -2.40   -0.66    0.36
2014  73   -2.39   -0.67    0.36
2014  74   -2.40   -0.68    0.36
2014  75   -2.40   -0.69    0.36
2014  76   -2.39   -0.70    0.36
2014  77   -2.39   -0.71    0.36
2014  78   -2.39   -0.73    0.36
2014  79   -2.38   -0.73    0.36
2014  80   -2.38   -0.75    0.36
2014  81   -2.38   -0.75    0.36
2014  82   -2.37   -0.77    0.36
2014  83   -2.37   -0.78    0.36
2014  84   -2.37   -0.79    0.36
2014  85   -2.37   -0.80    0.36
2014  86   -2.37   -0.81    0.36
2014  87   -2.37   -0.82    0.35
2014  88   -2.36   -0.83    0.35
2014  89   -2.36   -0.84    0.35
2014  90   -2.35   -0.86    0.35
2014  91   -2.35   -0.87    0.35
2014  92   -2.35   -0.88    0.35
2014  93   -2.34   -0.89    0.35
2014  94   -2.34   -0.90    0.35
2014  95   -2.35   -0.91    0.35
2014  96   -2.34   -0.92    0.35
2014  97   -2.34   -0.93    0.35
2014  98   -2.33   -0.94    0.35
2014  99   -2.33   -0.95    0.35
2014 100   -2.32   -0.96    0.34
2014 101   -2.32   -0.98    0.34
2014 102   -2.32   -0.98    0.34
2014 103   -2.31   -1.00    0.34
2014 104   -2.31   -1.00    0.34
2014 105   -2.31   -1.02    0.35
2014 106   -2.31   -1.03    0.34
2014 107   -2.30   -1.04    0.34
2014 108   -2.30   -1.05    0.34
2014 109   -2.29   -1.06    0.34
2014 110   -2.29   -1.07    0.34
2014 111   -2.28   -1.08    0.34
2014 112   -2.28   -1.09    0.34
2014 113   -2.28   -1.10    0.34
2014 114   -2.27   -1.11    0.34
2014 115   -2.27   -1.12    0.34
2014 116   -2.27   -1.14    0.34
2014 117   -2.27   -1.14    0.33
2014 118   -2.26   -1.16    0.33
2014 119   -2.26   -1.16    0.33
2014 120   -2.25   -1.18    0.33
2014 121   -2.25   -1.18    0.33
2014 122   -2.24   -1.20    0.33
2014 123   -2.24   -1.20    0.33
2014 124   -2.24   -1.22    0.33
2014 125   -2.23   -1.23    0.33
2014 126   -2.23   -1.24    0.33
2014 127   -2.22   -1.25    0.33
2014 128   -2.22   -1.26    0.33
2014 129   -2.21   -1.27    0.33
2014 130   -2.21   -1.27    0.33
2014 131   -2.20   -1.29    0.33
2014 132   -2.20   -1.29    0.32
2014 133   -2.19   -1.31    0.32
2014 134   -2.19   -1.32    0.32
2014 135   -2.19   -1.33    0.32
2014 136   -2.18   -1.34    0.32
2014 137   -2.18   -1.35    0.32
2014 138   -2.17   -1.36    0.32
2014 139   -2.16   -1.37    0.32
2014 140   -2.16   -1.38    0.32
2014 141   -2.15   -1.38    0.31
2014 142   -2.15   -1.39    0.31
2014 143   -2.15   -1.41    0.32
2014 144   -2.14   -1.42    0.32
2014 145   -2.14   -1.43    0.31
2014 146   -2.13   -1.44    0.31
2014 147   -2.13   -1.45    0.31
2014 148   -2.12   -1.46    0.31
2014 149   -2.11   -1.46    0.31
2014 150   -2.11   -1.47    0.31
2014 151   -2.10   -1.48    0.31
2014 152   -2.10   -1.50    0.31
2014 153   -2.10   -1.51    0.30
2014 154   -2.09   -1.51    0.30
2014 155   -2.09   -1.52    0.30
2014 156   -2.08   -1.53    0.30
2014 157   -2.07   -1.54    0.30
2014 158   -2.07   -1.55    0.30
2014 159   -2.06   -1.56    0.30
2014 160   -2.05   -1.57    0.30
2014 161   -2.05   -1.58    0.30
2014 162   -2.05   -1.59    0.30
2014 163   -2.04   -1.60    0.30
2014 164   -2.04   -1.61    0.30
2014 165   -2.03   -1.61    0.29
2014 166   -2.02   -1.63    0.29
2014 167   -2.02   -1.63    0.29
2014 168   -2.01   -1.64    0.29
2014 169   -2.00   -1.65    0.29
2014 170   -2.00   -1.66    0.29
2014 171   -1.99   -1.67    0.29
2014 172   -1.99   -1.68    0.29
2014 173   -1.98   -1.69    0.28
2014 174   -1.97   -1.70    0.28
2014 175   -1.97   -1.71    0.28
2014 176   -1.96   -1.71    0.28
2014 177   -1.95   -1.72    0.28
2014 178   -1.95   -1.73    0.28
2014 179   -1.95   -1.75    0.28
2014 180   -1.94   -1.75    0.27
2014 181   -1.93   -1.76    0.27
2014 182   -1.93   -1.77    0.27
2014 183   -1.92   -1.78    0.27
2014 184   -1.91   -1.78    0.27
2014 185   -1.90   -1.79    0.27
2014 186   -1.90   -1.80    0.27
2014 187   -1.89   -1.81    0.27
2014 188   -1.89   -1.82    0.27
2014 189   -1.88   -1.83    0.27
2014 190   -1.88   -1.84    0.26
2014 191   -1.87   -1.85    0.26
2014 192   -1.86   -1.85    0.26
2014 193   -1.85   -1.86    0.26
2014 194   -1.84   -1.87    0.26
2014 195   -1.84   -1.88    0.26
2014 196   -1.84   -1.89    0.26
2014 197   -1.83   -1.90    0.25
2014 198   -1.82   -1.91    0.25
2014 199   -1.82   -1.91    0.25
2014 200   -1.81   -1.92    0.25
2014 201   -1.80   -1.93    0.25
2014 202   -1.79   -1.94    0.25
2014 203   -1.79   -1.94    0.25
2014 204   -1.78   -1.95    0.24
2014 205   -1.78   -1.97    0.25
2014 206   -1.77   -1.97    0.25
2014 207   -1.76   -1.98    0.24
2014 208   -1.75   -1.99    0.24
2014 209   -1.74   -1.99    0.24
2014 210   -1.74   -2.00    0.24
2014 211   -1.73   -2.01    0.24
2014 212   -1.72   -2.01    0.24
2014 213   -1.71   -2.02    0.23
2014 214   -1.71   -2.03    0.23
2014 215   -1.70   -2.04    0.23
2014 216   -1.70   -2.05    0.23
2014 217   -1.69   -2.06    0.23
2014 218   -1.68   -2.06    0.23
2014 219   -1.67   -2.07    0.23
2014 220   -1.66   -2.08    0.22
2014 221   -1.66   -2.08    0.22
2014 222   -1.65   -2.09    0.22
2014 223   -1.64   -2.10    0.22
2014 224   -1.64   -2.11    0.22
2014 225   -1.63   -2.12    0.22
2014 226   -1.62   -2.12    0.21
2014 227   -1.61   -2.13    0.21
2014 228   -1.60   -2.14    0.21
2014 229   -1.60   -2.14    0.21
2014 230   -1.59   -2.15    0.21
2014 231   -1.58   -2.16    0.21
2014 232   -1.58   -2.17    0.21
2014 233   -1.57   -2.18    0.21
2014 234   -1.56   -2.18    0.21
2014 235   -1.55   -2.19    0.20
2014 236   -1.54   -2.19    0.20
2014 237   -1.53   -2.20    0.20
2014 238   -1.53   -2.21    0.20
2014 239   -1.52   -2.21    0.20
2014 240   -1.51   -2.22    0.20
2014 241   -1.51   -2.23    0.19
2014 242   -1.50   -2.24    0.19
2014 243   -1.49   -2.24    0.19
2014 244   -1.48   -2.25    0.19
2014 245   -1.47   -2.26    0.19
2014 246   -1.46   -2.26    0.19
2014 247   -1.46   -2.27    0.18
2014 248   -1.45   -2.27    0.18
2014 249   -1.44   -2.28    0.18
2014 250   -1.43   -2.29    0.18
2014 251   -1.42   -2.30    0.18
2014 252   -1.42   -2.30    0.17
2014 253   -1.41   -2.31    0.17
2014 254   -1.40   -2.31    0.17
2014 255   -1.39   -2.32    0.17
2014 256   -1.38   -2.33    0.17
2014 257   -1.37   -2.33    0.17
2014 258   -1.36   -2.34    0.17
2014 259   -1.36   -2.35    0.17
2014 260   -1.35   -2.35    0.17
2014 261   -1.34   -2.36    0.16
2014 262   -1.33   -2.37    0.16
2014 263   -1.32   -2.37    0.16
2014 264   -1.32   -2.38    0.16
2014 265   -1.31   -2.38    0.16
2014 266   -1.30   -2.39    0.16
2014 267   -1.29   -2.39    0.15
2014 268   -1.28   -2.40    0.15
2014 269   -1.28   -2.41    0.15
2014 270   -1.27   -2.41    0.15
2014 271   -1.26   -2.42    0.15
2014 272   -1.25   -2.42    0.15
2014 273   -1.24   -2.43    0.14
2014 274   -1.23   -2.43    0.14
2014 275   -1.22   -2.44    0.14
2014 276   -1.21   -2.44    0.14
2014 277   -1.20   -2.45    0.14
2014 278   -1.20   -2.46    0.13
2014 279   -1.19   -2.46    0.13
2014 280   -1.18   -2.47    0.13
2014 281   -1.17   -2.47    0.13
2014 282   -1.16   -2.48    0.13
2014 283   -1.15   -2.48    0.13
2014 284   -1.14   -2.49    0.12
2014 285   -1.14   -2.49    0.12
2014 286   -1.13   -2.49    0.12
2014 287   -1.11   -2.50    0.12
2014 288   -1.11   -2.51    0.12
2014 289   -1.10   -2.52    0.12
2014 290   -1.09   -2.52    0.12
2014 291   -1.08   -2.53    0.12
2014 292   -1.07   -2.53    0.11
2014 293   -1.06   -2.53    0.11
2014 294   -1.06   -2.54    0.11
2014 295   -1.05   -2.54    0.11
2014 296   -1.03   -2.55    0.11
2014 297   -1.02   -2.55    0.11
2014 298   -1.02   -2.56    0.10
2014 299   -1.01   -2.57    0.10
2014 300   -1.00   -2.57    0.10
2014 301   -0.99   -2.57    0.10
2014 302   -0.98   -2.58    0.10
2014 303   -0.98   -2.58    0.09
2014 304   -0.97   -2.58    0.09
2014 305   -0.95   -2.59    0.09
2014 306   -0.94   -2.59    0.09
2014 307   -0.93   -2.60    0.09
2014 308   -0.93   -2.61    0.09
2014 309   -0.92   -2.61    0.08
2014 310   -0.91   -2.61    0.08
2014 311   -0.90   -2.62    0.08
2014 312   -0.89   -2.62    0.08
2014 313   -0.88   -2.62    0.08
2014 314   -0.87   -2.63    0.07
2014 315   -0.86   -2.63    0.07
2014 316   -0.85   -2.64    0.07
2014 317   -0.84   -2.64    0.07
2014 318   -0.84   -2.65    0.07
2014 319   -0.83   -2.65    0.07
2014 320   -0.82   -2.66    0.06
2014 321   -0.81   -2.66    0.06
2014 322   -0.80   -2.66    0.06
2014 323   -0.79   -2.66    0.06
2014 324   -0.78   -2.67    0.06
2014 325   -0.77   -2.67    0.05
2014 326   -0.76   -2.67    0.05
2014 327   -0.75   -2.68    0.05
2014 328   -0.74   -2.68    0.05
2014 329   -0.74   -2.69    0.05
2014 330   -0.73   -2.69    0.05
2014 331   -0.71   -2.70    0.04
2014 332   -0.70   -2.70    0.04
2014 333   -0.69   -2.70    0.04
2014 334   -0.68   -2.70    0.04
2014 335   -0.67   -2.71    0.04
2014 336   -0.67   -2.71    0.03
2014 337   -0.66   -2.71    0.03
2014 338   -0.65   -2.71    0.03
2014 339   -0.64   -2.72    0.03
2014 340   -0.63   -2.73    0.03
2014 341   -0.62   -2.73    0.03
2014 342   -0.61   -2.73    0.02
2014 343   -0.60   -2.73    0.02
2014 344   -0.59   -2.74    0.02
2014 345   -0.58   -2.74    0.02
2014 346   -0.57   -2.74    0.02
2014 347   -0.56   -2.74    0.01
2014 348   -0.55   -2.74    0.01
2014 349   -0.54   -2.75    0.01
2014 350   -0.53   -2.75    0.01
2014 351   -0.53   -2.76    0.01
2014 352   -0.51   -2.76    0.01
2014 353   -0.50   -2.76    0.00
2014 354   -0.49   -2.77    0.00
2014 355   -0.48   -2.77    0.00
2014 356   -0.47   -2.77    0.00
2014 357   -0.46   -2.77   -0.00
2014 358   -0.45   -2.77   -0.00
2014 359   -0.44   -2.77   -0.00
2014 360   -0.43   -2.78   -0.00
2014 361   -0.43   -2.78   -0.01
2014 362   -0.42   -2.78   -0.01
2014 363   -0.41   -2.79   -0.01
2014 364   -0.40   -2.79   -0.01
2014 365   -0.39   -2.79   -0.01
2015   1   -0.38   -2.79   -0.02
2015   2   -0.37   -2.80   -0.02
2015   3   -0.36   -2.80   -0.02
2015   4   -0.35   -2.80   -0.02
2015   5   -0.34   -2.80   -0.02
2015   6   -0.33   -2.80   -0.02
2015   7   -0.32   -2.80   -0.03
2015   8   -0.31   -2.80   -0.03
2015   9   -0.30   -2.80   -0.03
2015  10   -0.29   -2.81   -0.03
2015  11   -0.28   -2.82   -0.03
2015  12   -0.27   -2.82   -0.04
2015  13   -0.26   -2.82   -0.04
2015  14   -0.25   -2.82   -0.04
2015  15   -0.24   -2.82   -0.04
2015  16   -0.23   -2.82   -0.04
2015  17   -0.22   -2.82   -0.04
2015  18   -0.21   -2.82   -0.05
2015  19   -0.20   -2.82   -0.05
2015  20   -0.19   -2.82   -0.05
2015  21   -0.18   -2.82   -0.05
2015  22   -0.17   -2.83   -0.05
2015  23   -0.16   -2.83   -0.06
2015  24   -0.15   -2.84   -0.06
2015  25   -0.14   -2.84   -0.06
2015  26   -0.13   -2.84   -0.06
2015  27   -0.12   -2.84   -0.06
2015  28   -0.11   -2.84   -0.06
2015  29   -0.10   -2.84   -0.07
2015  30   -0.09   -2.84   -0.07
2015  31   -0.08   -2.84   -0.07
2015  32   -0.07   -2.84   -0.07
2015  33   -0.06   -2.84   -0.07
2015  34   -0.05   -2.84   -0.08
2015  35   -0.04   -2.85   -0.08
2015  36   -0.03   -2.85   -0.08
2015  37   -0.02   -2.85   -0.08
2015  38   -0.01   -2.85   -0.08
2015  39   -0.00   -2.85   -0.08
2015  40    0.00   -2.85   -0.09
2015  41    0.01   -2.85   -0.09
2015  42    0.02   -2.85   -0.09
2015  43    0.03   -2.85   -0.09
2015  44    0.04   -2.85   -0.09
2015  45    0.05   -2.85   -0.10
2015  46    0.06   -2.85   -0.10
2015  47    0.07   -2.85   -0.10
2015  48    0.08   -2.85   -0.10
2015  49    0.09   -2.86   -0.10
2015  50    0.10   -2.86   -0.10
2015  51    0.11   -2.86   -0.11
2015  52    0.12   -2.86   -0.11
2015  53    0.13   -2.85   -0.11
2015  54    0.14   -2.85   -0.11
2015  55    0.15   -2.85   -0.11
2015  56    0.16   -2.85   -0.11
2015  57    0.17   -2.85   -0.12
2015  58    0.18   -2.85   -0.12
2015  59    0.19   -2.85   -0.12
2015  60    0.20   -2.85   -0.12
2015  61    0.21   -2.85   -0.12
2015  62    0.22   -2.85   -0.13
2015  63    0.23   -2.86   -0.13
2015  64    0.24   -2.86   -0.13
2015  65    0.25   -2.86   -0.14
2015  66    0.26   -2.86   -0.14
2015  67    0.27   -2.85   -0.14
2015  68    0.28   -2.85   -0.14
2015  69    0.29   -2.85   -0.14
2015  70    0.30   -2.85   -0.14
2015  71    0.31   -2.85   -0.15
2015  72    0.32   -2.85   -0.15
2015  73    0.33   -2.85   -0.15
2015  74    0.34   -2.85   -0.15
2015  75    0.35   -2.84   -0.15
2015  76    0.36   -2.84   -0.16
2015  77    0.37   -2.85   -0.16
2015  78    0.38   -2.85   -0.16
2015  79    0.39   -2.85   -0.16
2015  80    0.40   -2.85   -0.16
2015  81    0.41   -2.85   -0.16
2015  82    0.42   -2.85   -0.17
2015  83    0.42   -2.84   -0.17
2015  84    0.43   -2.84   -0.17
2015  85    0.44   -2.84   -0.17
2015  86    0.45   -2.84   -0.17
2015  87    0.46   -2.84   -0.17
2015  88    0.47   -2.84   -0.18
2015  89    0.48   -2.83   -0.18
2015  90    0.49   -2.83   -0.18
2015  91    0.50   -2.83   -0.18
2015  92    0.51   -2.83   -0.18
2015  93    0.53   -2.84   -0.18
2015  94    0.54   -2.83   -0.19
2015  95    0.55   -2.83   -0.19
2015  96    0.56   -2.83   -0.19
2015  97    0.56   -2.83   -0.19
2015  98    0.57   -2.83   -0.19
2015  99    0.58   -2.82   -0.19
2015 100    0.59   -2.82   -0.20
2015 101    0.60   -2.82   -0.20
2015 102    0.61   -2.82   -0.20
2015 103    0.62   -2.82   -0.20
2015 104    0.63   -2.81   -0.20
2015 105    0.64   -2.81   -0.20
2015 106    0.65   -2.81   -0.21
2015 107    0.66   -2.81   -0.21
2015 108    0.67   -2.80   -0.21
2015 109    0.68   -2.80   -0.21
2015 110    0.69   -2.80   -0.21
2015 111    0.69   -2.81   -0.21
2015 112    0.70   -2.80   -0.22
2015 113    0.71   -2.80   -0.22
2015 114    0.72   -2.80   -0.22
2015 115    0.73   -2.80   -0.22
2015 116    0.74   -2.79   -0.22
2015 117    0.75   -2.79   -0.22
2015 118    0.76   -2.79   -0.23
2015 119    0.77   -2.79   -0.23
2015 120    0.78   -2.78   -0.23
2015 121    0.79   -2.78   -0.23
2015 122    0.80   -2.78   -0.23
2015 123    0.81   -2.77   -0.23
2015 124    0.82   -2.77   -0.24
2015 125    0.83   -2.77   -0.24
2015 126    0.84   -2.77   -0.24
2015 127    0.85   -2.77   -0.24
2015 128    0.86   -2.77   -0.24
2015 129    0.87   -2.77   -0.24
2015 130    0.88   -2.76   -0.25
2015 131    0.89   -2.76   -0.25
2015 132    0.90   -2.76   -0.25
2015 133    0.91   -2.75   -0.25
2015 134    0.92   -2.75   -0.25
2015 135    0.92   -2.75   -0.25
